15
20
7
1
5
7
14
5
7
4
1
1
0
0
0
0
0
0
0
0
2
4
4
8
4
2
5
2
7
1
2
369
2
23
330
487
0
7
214
61
0
0
0
0
0
0
0
0
0
0
0
0
0
0
0
83
20
26
19
15
12
4
12
2
23
9
3
3
1
0
1
1
1
1
0
5
4
5
3
9
5
4
1
691
94
7
151
0
6
115
118
0
4
88
67
0
0
0
0
0
0
0
0
0
0
0
0
0
0
0
88
10
14
9
8
3
7
9
1
14
5
0
1
0
0
1
1
0
0
1
6
1
3
4
7
2
1
4
308
45
4
110
1
10
133
124
0
2
67
40
0
0
0
0
0
0
0
0
0
0
0
0
0
0
0
74
6
5
8
7
4
3
4
1
9
11
1
0
0
0
1
0
0
0
0
2
5
2
7
1
2
0
0
216
23
2
86
0
1
120
104
0
2
59
37
0
0
0
0
0
0
0
0
0
0
0
0
0
0
0
82
13
5
6
7
7
3
10
2
7
15
0
0
1
0
0
0
0
0
1
4
0
4
2
0
1
0
1
123
17
3
76
0
5
105
115
0
1
51
23
0
0
0
0
0
0
0
0
0
0
0
0
0
0
0
161
25
9
4
5
4
4
5
3
6
7
1
1
0
0
2
0
0
0
3
4
5
3
8
10
2
1
7
158
30
4
176
1
11
191
190
0
9
157
62
0
0
0
0
0
0
0
0
0
0
0
0
0
0
0
79
10
8
6
1
10
5
9
3
4
17
3
0
0
0
1
0
0
0
0
2
2
7
1
0
1
0
0
66
8
2
105
1
5
90
98
0
2
86
33
0
0
0
0
0
0
0
0
0
0
0
0
0
0
0
89
10
9
6
6
8
5
1
0
3
16
0
0
0
0
1
1
0
0
1
2
3
3
3
3
0
0
1
70
9
3
85
0
4
115
109
0
3
64
22
0
0
0
0
0
0
0
0
0
0
0
0
0
0
0
84
2
8
2
1
6
6
7
2
3
5
0
0
1
0
0
0
0
0
0
0
1
1
1
3
1
0
2
31
4
1
82
0
4
70
84
0
0
45
25
0
0
0
0
0
0
0
0
0
0
0
0
0
0
0
71
7
6
7
3
0
3
2
2
0
8
3
0
0
0
1
0
0
0
0
2
5
3
2
1
0
0
1
46
2
6
90
0
1
119
93
0
0
48
28
0
0
0
0
0
0
0
0
0
0
0
0
0
0
0
59
7
1
3
1
3
3
2
3
1
3
0
0
1
0
0
0
0
1
1
0
1
1
2
3
0
0
0
10
4
2
53
1
2
61
58
0
1
38
16
0
0
0
0
0
0
0
0
0
0
0
0
0
0
0
13
2
0
0
0
1
0
1
0
0
2
0
0
1
0
0
0
0
0
0
1
0
0
1
0
0
0
0
7
1
0
17
0
1
25
19
0
0
7
9
0
0
0
0
0
0
0
0
0
0
0
0
0
0
0
30
2
0
1
0
1
1
0
0
1
0
0
0
0
0
0
0
0
0
0
1
0
0
0
0
0
0
0
8
3
1
16
1
1
23
23
0
0
16
5
0
0
0
0
0
0
0
0
0
0
0
0
0
0
0
26
1
1
0
0
0
2
1
0
0
0
0
0
0
0
0
0
0
0
0
0
0
0
0
0
0
0
0
6
1
0
20
0
1
19
25
0
0
15
3
0
0
0
0
0
0
0
0
0
0
0
0
0
0
0
20
1
0
0
0
0
0
0
0
0
0
0
0
0
0
0
0
0
0
0
0
0
0
0
0
0
0
0
1
0
0
20
0
2
17
21
0
0
11
5
0
0
0
0
0
0
0
0
0
0
0
0
0
0
0
51
7
0
0
1
1
0
1
2
0
1
0
1
0
0
0
0
0
0
0
0
0
2
0
0
0
0
0
5
5
0
43
0
1
76
35
0
0
24
17
0
0
0
0
0
0
0
0
0
0
0
0
0
0
0
26
0
0
0
0
0
1
1
0
0
1
0
0
0
0
0
0
0
0
0
0
0
0
0
0
0
0
0
3
1
1
15
0
0
20
21
0
1
3
1
0
0
0
0
0
0
0
0
0
0
0
0
0
0
0
16
0
0
0
1
1
2
0
0
0
1
0
0
0
0
0
0
0
0
0
0
0
0
0
0
0
0
0
4
1
0
11
1
1
25
11
0
0
9
3
0
0
0
0
0
0
0
0
0
0
0
0
0
0
0
17
0
0
3
2
0
2
0
1
0
0
1
0
0
0
0
0
0
0
0
0
0
0
0
0
0
0
0
2
2
0
15
1
0
8
16
0
0
7
3
0
0
0
0
0
0
0
0
0
0
0
0
0
0
0
16
1
0
0
1
0
1
0
1
0
0
0
0
0
0
0
0
0
0
0
0
0
0
0
0
0
0
0
4
0
0
13
0
2
12
21
0
0
6
3
0
0
0
0
0
0
0
0
0
0
0
0
0
0
0
58
97
105
62
66
222
64
63
57
54
4
1
2
1
2
1
0
1
0
0
2
3
2
9
5
3
3
2
10
5
0
56
0
5
66
66
0
3
70
32
0
0
0
0
0
0
0
0
0
0
0
0
0
0
0
46
49
52
56
47
121
56
40
33
44
3
0
0
0
1
1
0
0
0
1
0
2
3
6
5
3
2
1
4
2
1
44
1
3
66
42
0
1
39
26
0
0
0
0
0
0
0
0
0
0
0
0
0
0
0
34
50
53
32
28
81
40
40
34
34
5
0
0
0
0
1
1
1
1
0
3
2
0
5
2
1
1
0
6
3
2
37
0
6
41
40
0
2
45
18
0
0
0
0
0
0
0
0
0
0
0
0
0
0
0
79
42
45
47
39
48
35
27
26
34
11
1
1
1
1
1
1
1
0
1
2
0
2
9
4
1
3
2
7
2
3
91
0
7
67
75
0
2
75
37
0
0
0
0
0
0
0
0
0
0
0
0
0
0
0
20
24
32
28
34
61
23
25
26
27
2
0
0
0
0
0
0
0
0
0
0
0
0
3
2
2
3
1
4
1
0
39
0
4
29
24
0
0
29
11
0
0
0
0
0
0
0
0
0
0
0
0
0
0
0
15
44
28
24
29
90
21
13
21
31
1
0
0
0
0
0
0
0
0
0
3
2
0
2
0
0
0
1
1
2
0
26
0
1
24
22
0
0
29
12
0
0
0
0
0
0
0
0
0
0
0
0
0
0
0
11
23
16
18
20
29
25
16
14
19
1
0
0
0
0
0
0
0
1
0
1
2
2
2
0
0
0
4
2
1
0
22
0
4
18
26
0
2
22
5
0
0
0
0
0
0
0
0
0
0
0
0
0
0
0
9
19
25
15
17
29
15
13
20
25
3
0
0
0
0
0
0
1
0
0
1
3
0
3
2
0
0
1
3
0
0
26
0
0
15
19
0
0
8
7
0
0
0
0
0
0
0
0
0
0
0
0
0
0
0
52
26
24
21
26
38
31
25
22
20
21
6
10
10
8
18
5
12
9
10
155
110
113
170
89
91
81
69
17
2
3
115
0
14
218
205
0
5
113
68
0
0
0
0
0
0
0
0
0
0
0
0
0
0
0
11
15
17
19
19
30
10
15
8
10
0
0
1
0
0
0
0
0
0
0
4
2
5
2
1
3
3
5
4
0
1
27
0
2
34
24
0
3
20
12
0
0
0
0
0
0
0
0
0
0
0
0
0
0
0
1
1
1
0
1
1
0
0
1
0
0
0
0
0
0
0
0
0
0
0
1
1
0
0
0
0
0
0
2
0
1
9
0
1
0
3
0
0
32
2
0
0
0
0
0
0
0
0
0
0
0
0
0
0
0
46
34
20
12
10
27
19
12
9
14
9
5
1
3
0
3
2
0
3
0
13
4
8
18
12
4
6
5
44
4
24
413
14
14
52
206
0
10
1790
82
0
0
0
0
0
0
0
0
0
0
0
0
0
0
0
0
0
1
0
0
0
0
0
0
0
0
0
0
0
1
0
0
0
0
0
1
0
1
0
0
0
0
0
0
0
0
6
1
0
0
0
0
0
10
1
0
0
0
0
0
0
0
0
0
0
0
0
0
0
0
6
4
5
3
3
5
0
1
1
1
0
0
0
0
0
0
0
0
0
0
1
1
1
1
1
0
1
1
7
0
19
86
0
7
21
17
0
0
41
5
0
0
0
0
0
0
0
0
0
0
0
0
0
0
0
39
17
21
14
9
17
23
14
15
10
4
3
2
3
3
4
1
1
1
3
29
12
17
32
13
24
14
21
25
7
9
1718
2
47
79
125
0
1
181
76
0
0
0
0
0
0
0
0
0
0
0
0
0
0
0
35
32
23
15
13
20
15
8
17
19
6
2
1
3
5
9
5
2
2
3
30
20
22
32
25
14
17
10
12
4
5
1956
1
49
48
108
0
4
265
62
0
0
0
0
0
0
0
0
0
0
0
0
0
0
0
0
0
0
0
0
0
0
0
0
0
0
0
0
0
0
0
0
0
0
0
0
0
0
0
0
0
0
0
0
0
0
0
0
0
0
0
0
0
0
0
0
0
0
0
0
0
0
0
0
0
0
0
0
0
0
0
0
2
1
2
1
1
0
1
2
1
0
0
0
0
0
0
0
0
0
0
0
1
2
0
0
0
0
0
0
0
6
0
1
1
5
0
0
7
0
0
0
0
0
0
0
0
0
0
0
0
0
0
0
0
64
124
72
50
47
79
47
48
29
32
33
12
17
12
10
27
15
9
2
7
105
54
50
74
37
26
24
20
53
11
6
855
6
26
119
218
0
3
1819
194
0
0
0
0
0
0
0
0
0
0
0
0
0
0
0
58
24
18
15
14
27
21
27
16
17
6
2
0
3
2
5
0
0
0
0
14
13
12
21
13
6
4
7
33
3
0
230
1
11
106
110
0
2
409
75
0
0
0
0
0
0
0
0
0
0
0
0
0
0
0
0
0
0
0
0
0
0
0
0
0
0
0
0
0
0
0
0
0
0
0
0
0
0
0
0
0
0
0
0
0
0
0
0
0
0
0
0
0
0
0
0
0
0
0
0
0
0
0
0
0
0
0
0
0
0
0
0
0
0
0
0
0
0
0
0
0
0
0
0
0
0
0
0
0
0
0
0
0
0
0
0
0
0
0
0
0
0
0
0
0
0
0
0
0
0
0
0
0
0
0
0
0
0
0
0
0
0
0
0
0
0
0
0
0
0
0
0
0
0
0
0
0
0
0
0
0
0
0
0
0
0
0
0
0
0
0
0
0
0
0
0
0
0
0
0
0
0
0
0
0
0
0
0
0
0
0
0
0
0
0
0
0
0
0
0
0
0
0
0
0
0
0
0
0
0
0
0
0
0
0
0
0
0
0
0
0
0
0
0
0
0
0
0
0
0
0
0
0
0
0
0
0
0
0
0
0
0
0
0
0
0
0
0
0
0
0
0
0
0
0
0
0
0
0
0
0
0
0
0
0
0
0
0
0
0
0
0
0
0
0
0
0
0
0
0
0
0
0
0
0
0
0
0
0
0
0
0
0
0
0
0
0
0
0
0
0
0
0
0
0
0
0
0
0
0
0
0
0
0
0
0
0
0
0
0
0
0
0
0
0
0
0
0
0
0
0
0
0
0
0
0
0
0
0
0
0
0
0
0
0
0
0
0
0
0
0
0
0
0
0
0
0
0
0
0
0
0
0
0
0
0
0
0
0
0
0
0
0
0
0
0
0
0
0
0
0
0
0
0
0
0
0
0
0
0
0
0
0
0
0
0
0
0
0
0
0
0
0
0
0
0
0
0
0
0
0
0
0
0
0
0
0
0
0
0
0
0
0
0
0
0
0
0
0
0
0
0
0
0
0
0
0
0
0
0
0
0
0
0
0
0
0
0
0
0
0
0
0
0
0
0
0
0
0
0
0
0
0
0
0
0
0
0
0
0
0
0
0
0
0
0
0
0
0
0
0
0
0
0
0
0
0
0
0
0
0
0
0
0
0
0
0
0
0
0
0
0
0
0
0
0
0
0
0
0
0
0
0
0
0
0
0
0
0
0
0
0
0
0
0
0
0
0
0
0
0
0
0
0
0
0
0
0
0
0
0
0
0
0
0
0
0
0
0
0
0
0
0
0
0
0
0
0
0
0
0
0
0
0
0
0
0
0
0
0
0
0
0
0
0
0
0
0
0
0
0
0
0
0
0
0
0
0
0
0
0
0
0
0
0
0
0
0
0
0
0
0
0
0
0
0
0
0
0
0
0
0
0
0
0
0
0
0
0
0
0
0
0
0
0
0
0
0
0
0
0
0
0
0
0
0
0
0
0
0
0
0
0
0
0
0
0
0
0
0
0
0
0
0
0
0
0
0
0
0
0
0
0
0
0
0
0
0
0
0
0
0
0
0
0
0
0
0
0
0
0
0
0
0
0
0
0
0
0
0
0
0
0
0
0
0
0
0
0
0
0
0
0
0
0
0
0
0
0
0
0
0
0
0
0
0
0
0
0
0
0
0
0
0
0
0
0
0
0
0
0
0
0
0
0
0
0
0
0
0
0
0
0
0
0
0
0
0
0
0
0
0
0
0
0
0
0
0
0
0
0
0
0
0
0
0
0
0
0
0
0
0
0
0
0
0
0
0
0
0
0
0
0
0
0
0
0
0
0
0
0
0
0
0
0
0
0
0
0
0
0
0
0
0
0
0
0
0
0
0
0
0
0
0
0
0
0
0
0
0
0
0
0
0
0
0
0
0
0
0
0
0
0
0
0
0
0
0
0
0
0
0
0
0
0
0
0
0
0
0
0
0
0
0
0
0
0
0
0
0
