   0 3048 1376 3406 1354 1002  370   68   22    2    1    1    0    0    0 
 197   76  203   88   81   42    9   16    6    3    2    0    0    0    0 
  79   38  319  113  129   60   26   31   12    4    1    0    0    0    0 
  38   27  227   84   86   43   21   15   10    1    1    0    0    0    0 
  15   20  255  102  109   58   14   22    8    3    1    0    0    0    0 
  22   52  578  221  208  112   40   60   29    6    1    0    0    0    0 
  26   35  238  112  104   76   19   24   11    6    3    0    0    0    0 
  37   34  245   84   95   41   12   20    9    1    3    0    0    0    0 
  21   34  256  124  120   56   23   27   13    6    3    0    0    0    0 
  36   30  254   97   75   39   12   14    6    8    3    0    0    0    0 
 130   47   90   39   15   14    5    8    1    0    0    0    0    0    0 
  52   15   17    5    4    7    4    1    1    0    0    0    0    0    0 
  80   25   28   10    3   10    3    1    3    0    0    0    0    0    0 
  77   20   10    7    5    8    1    4    1    0    0    0    0    0    0 
  71   29   20    7    2    8    1    1    1    0    0    0    0    0    0 
 148   60   42    7    2    6    2    5    1    0    0    0    0    0    0 
  61   22   15    8    3   12    4    3    2    0    0    0    0    0    0 
  60   18   21    5    4    4    2    3    1    0    0    0    0    0    0 
  94   32   14    5    1    6    3    1    1    0    0    0    0    0    0 
  51   18   18    4    2    4    1    2    1    0    0    0    0    0    0 
 815  286  271  124   42   89   38   25    9    1    0    0    0    0    0 
 769  269  231  102   45   79   25   17    5    2    0    0    0    0    0 
 579  268  203  105   32   93   33   28    7    1    0    0    0    0    0 
 530  214  313  182   70  156   73   39   16    1    0    0    0    0    0 
 422  160  167  101   40   94   43   26   11    1    0    0    0    0    0 
 354  131  144   99   35   93   38   20    9    1    0    0    0    0    0 
 269  119  171  115   41  102   35   19   14    2    0    0    0    0    0 
 209  120  155  123   49  100   35   17    4    1    0    0    0    0    0 
1340  462   48   27    5    1    0    0    0    0    0    0    0    0    0 
 599  194   33   14    4    1    0    0    0    0    0    0    0    0    0 
 317  104   26   15    2    1    0    0    0    0    0    0    0    0    0 
 150   62   23   19    1    1    0    0    0    0    0    0    0    0    0 
 111   51   18   17   12    1    0    0    0    0    0    0    0    0    0 
 107   26   23   11    3    1    0    0    0    0    0    0    0    0    0 
  62   20   13   17    1    1    0    0    0    0    0    0    0    0    0 
  59   19   18    7    3    1    0    0    0    0    0    0    0    0    0 
  42   20   15    4    1    1    0    0    0    0    0    0    0    0    0 
   6  376  126    9    1    1    0    0    0    0    0    0    0    0    0 
   0    0    0   20  223  153  490  175  146   65   16    3    1    0    0 
   0 4204 1966 1282 1366  489  556  231   80   27    4    1    0    0    0 
 111   22   41   26   49   45   12   19    5    7    2    0    0    0    0 
 202   74    0    0    0    0    0    0    0    0    0    0    0    0    0 
   0    0   15   54   46   52   29   17   12    2    2    1    0    0    0 
   0    0    0    0    0    0    0    0    0    0    0    0    0    0    0 
2588    1 1366 1140 1203  659  330  178   60   29   16    4    1    1    1 
  21   46   35   68   48   28   16    3    5    1    2    0    0    0    0 

  96   26    6    2    0    0    0    0    0    0    0    0    0    0    0 
   8    7    7    4    1    1    0    0    0    0    0    0    0    0    0 
  26   20   11    3    2    1    0    0    0    0    0    0    0    0    0 
  17   18    8    2    2    1    0    0    0    0    0    0    0    0    0 
  19   15   12    6    3    1    0    0    0    0    0    0    0    0    0 
  34   52   20    2    5    1    0    0    0    0    0    0    0    0    0 
  15   20    8    3    1    1    0    0    0    0    0    0    0    0    0 
  14   17    7    7    2    1    0    0    0    0    0    0    0    0    0 
  13   13   14    8    3    1    0    0    0    0    0    0    0    0    0 
  14   15   13    2    2    1    0    0    0    0    0    0    0    0    0 
   1    3    3    1    0    0    0    0    0    0    0    0    0    0    0 
   1    1    1    1    0    0    0    0    0    0    0    0    0    0    0 
   1    1    1    1    0    0    0    0    0    0    0    0    0    0    0 
   2    1    1    1    0    0    0    0    0    0    0    0    0    0    0 
   1    1    1    1    0    0    0    0    0    0    0    0    0    0    0 
   5    2    1    1    0    0    0    0    0    0    0    0    0    0    0 
   2    1    1    1    0    0    0    0    0    0    0    0    0    0    0 
   1    1    1    1    0    0    0    0    0    0    0    0    0    0    0 
   2    1    1    1    0    0    0    0    0    0    0    0    0    0    0 
   1    1    1    1    0    0    0    0    0    0    0    0    0    0    0 
  10    4    3    1    1    0    0    0    0    0    0    0    0    0    0 
   9    9    6    1    1    0    0    0    0    0    0    0    0    0    0 
  23   13    3    1    1    0    0    0    0    0    0    0    0    0    0 
  33   15    6    1    1    0    0    0    0    0    0    0    0    0    0 
  18    9    6    1    1    0    0    0    0    0    0    0    0    0    0 
  24    4    4    1    1    0    0    0    0    0    0    0    0    0    0 
  18   10    1    1    1    0    0    0    0    0    0    0    0    0    0 
  14   11    5    1    1    0    0    0    0    0    0    0    0    0    0 
   0    0    0    0    0    0    0    0    0    0    0    0    0    0    0 
   0    0    0    0    0    0    0    0    0    0    0    0    0    0    0 
   0    0    0    0    0    0    0    0    0    0    0    0    0    0    0 
   0    0    0    0    0    0    0    0    0    0    0    0    0    0    0 
   0    0    0    0    0    0    0    0    0    0    0    0    0    0    0 
   0    0    0    0    0    0    0    0    0    0    0    0    0    0    0 
   0    0    0    0    0    0    0    0    0    0    0    0    0    0    0 
   0    0    0    0    0    0    0    0    0    0    0    0    0    0    0 
   0    0    0    0    0    0    0    0    0    0    0    0    0    0    0 
   0    0    0    0    0    0    0    0    0    0    0    0    0    0    0 
 498  262  211  112   40   23    2    1    0    0    0    0    0    0    0 
 203  132   40   21    2    1    0    0    0    0    0    0    0    0    0 
   0   11    6    3    1    1    0    0    0    0    0    0    0    0    0 
   0    0    0    0    0    0    0    0    0    0    0    0    0    0    0 
   0   13    6    3    4    1    0    0    0    0    0    0    0    0    0 
   0    0    0    0    0    0    0    0    0    0    0    0    0    0    0 
6653 5661 3437 1811  870  347  117   28    9    3    1    0    0    0    0 
  10    4    4    5    1    1    1    0    0    0    0    0    0    0    0 

4856 2434 1447 1155  450  250   51    6    1    1    0    0    0    0    0 
  29  183  100   85  121   80   63   38   15    8    1    0    0    0    0 
  40  300  136   94  106   73   41   16    5    1    0    0    0    0    0 
  25  202  115   70   76   37   14    9    3    1    0    0    0    0    0 
  54  247  103   82   62   36   14    5    2    1    0    0    0    0    0 
 103  688  270  115   95   32   20    5    0    1    0    0    0    0    0 
  31  267  131   75   81   37   28    2    1    1    0    0    0    0    0 
  27  242  108   66   85   34   15    2    2    1    0    0    0    0    0 
  45  303  114   84   77   36   19    1    3    1    0    0    0    0    0 
  35  208   96   91   87   33   18    4    2    1    0    0    0    0    0 
   6  175   74   47   25   13    8    1    0    0    0    0    0    0    0 
   5   35   23    8   15   12    4    4    0    0    0    0    0    0    0 
   5   53   43   20   26    9    5    2    0    0    0    0    0    0    0 
   1   33   29   18   26   12   13    1    0    0    0    0    0    0    0 
   1   57   22   15   26   12    6    1    0    0    0    0    0    0    0 
   6  105   68   45   31   12    5    1    0    0    0    0    0    0    0 
  12   47   22   18   16    4    6    3    1    0    0    0    0    0    0 
   3   53   20   13   18    3    7    1    0    0    0    0    0    0    0 
   3   60   37   24   21    6    2    2    0    0    0    0    0    0    0 
   4   24   20   16   28    3    4    2    0    0    0    0    0    0    0 
  38  316  276  488  224  123  149   54   27    3    1    1    0    0    0 
  35  288  219  478  205  123  117   48   27    2    2    0    0    0    0 
  60  279  177  398  176  121   85   36   15    1    1    0    0    0    0 
 164  553  248  335  122   88   54   23    4    3    1    0    0    0    0 
  72  233  164  292  118   86   58   27    9    5    1    0    0    0    0 
  51  211  141  254  114   54   57   24   15    2    1    0    0    0    0 
  64  221  151  219   89   57   56   22    7    1    1    0    0    0    0 
  43  189  131  236   98   49   45   13    8    1    1    0    0    0    0 
   6  172  156  509  246  401  180  113   70   20    8    1    1    0    0 
   2  101   67  215  110  189   77   46   27    7    3    0    0    0    0 
   2   61   37  115   65   95   37   29   12    8    3    0    0    0    0 
   2   22   19   59   44   63   28   11    7    0    1    0    0    0    0 
   4   47   31   38   28   32   13   10    4    2    1    0    0    0    0 
   1   22   11   41   18   40   17   14    4    1    1    0    0    0    0 
   2   11   13   18   22   27   10    5    3    2    1    0    0    0    0 
   0   12   12   21   18   21   10    3    4    4    1    0    0    0    0 
   0    6   12   16   12   14    9   10    1    1    1    0    0    0    0 
   0   66   61   97  108   88   56   27   12    3    1    0    0    0    0 
1033  230   27    0    0    0    0    0    0    0    0    0    0    0    0 
 293  846 3883 1738 1673  967  478  244   61   22    2    1    1    0    0 
 163   28   20   30   18   28   23   13   11    2    3    0    0    0    0 
   0    0   14   53   43   61   41   26   26    7    5    0    0    0    0 
 162   46   16    5    1    0    0    0    0    0    0    0    0    0    0 
   0    0    0    0    0    0    0    0    0    0    0    0    0    0    0 
3417 1197  721  363  667  366  382  236  125   68   27    6    1    0    0 
  55   55   62   50   32   14    1    3    1    0    0    0    0    0    0 

  28   18   18   28   11   18    8    1    0    0    0    0    0    0    0 
   0   17    3    5    1    1    1    0    0    0    0    0    0    0    0 
   0   32   11   10    7    1    1    0    0    0    0    0    0    0    0 
   0   24   17    5    2    1    1    0    0    0    0    0    0    0    0 
   0   31   15    6    1    1    1    0    0    0    0    0    0    0    0 
   0   64   27   13    4    3    1    0    0    0    0    0    0    0    0 
   0   25   10    6    3    1    1    0    0    0    0    0    0    0    0 
   0   26    9    8    2    1    2    0    0    0    0    0    0    0    0 
   0   29   13    7    2    1    1    0    0    0    0    0    0    0    0 
   0   24   14    4    1    4    1    0    0    0    0    0    0    0    0 
   0    6    1    1    1    0    0    0    0    0    0    0    0    0    0 
   0    2    1    1    1    0    0    0    0    0    0    0    0    0    0 
   0    1    2    1    1    0    0    0    0    0    0    0    0    0    0 
   0    1    1    1    1    0    0    0    0    0    0    0    0    0    0 
   0    1    1    1    1    0    0    0    0    0    0    0    0    0    0 
   0    4    3    1    1    0    0    0    0    0    0    0    0    0    0 
   0    3    1    1    1    0    0    0    0    0    0    0    0    0    0 
   0    1    1    1    1    0    0    0    0    0    0    0    0    0    0 
   0    1    1    1    1    0    0    0    0    0    0    0    0    0    0 
   0    2    1    1    1    0    0    0    0    0    0    0    0    0    0 
   0    2    4    8    3    1    0    0    0    0    0    0    0    0    0 
   0    5    3   11    5    1    0    0    0    0    0    0    0    0    0 
   0   13    7   13    6    2    0    0    0    0    0    0    0    0    0 
   0   16   14   21    4    1    0    0    0    0    0    0    0    0    0 
   0    6    7   14    5    2    0    0    0    0    0    0    0    0    0 
   0    1    2   14   10    4    0    0    0    0    0    0    0    0    0 
   0   10    4   12    0    2    0    0    0    0    0    0    0    0    0 
   0    8    5   12    5    1    0    0    0    0    0    0    0    0    0 
   0    0    0    0    0    0    0    0    0    0    0    0    0    0    0 
   0    0    0    0    0    0    0    0    0    0    0    0    0    0    0 
   0    0    0    0    0    0    0    0    0    0    0    0    0    0    0 
   0    0    0    0    0    0    0    0    0    0    0    0    0    0    0 
   0    0    0    0    0    0    0    0    0    0    0    0    0    0    0 
   0    0    0    0    0    0    0    0    0    0    0    0    0    0    0 
   0    0    0    0    0    0    0    0    0    0    0    0    0    0    0 
   0    0    0    0    0    0    0    0    0    0    0    0    0    0    0 
   0    0    0    0    0    0    0    0    0    0    0    0    0    0    0 
   0    0    0    0    0    0    0    0    0    0    0    0    0    0    0 
 532  299  189   77   37    7    6    2    0    0    0    0    0    0    0 
   0    3  206   89   67   24    9    1    0    0    0    0    0    0    0 
  10    8    2    1    1    0    0    0    0    0    0    0    0    0    0 
   0    0    0    0    0    0    0    0    0    0    0    0    0    0    0 
  15    7    4    0    1    0    0    0    0    0    0    0    0    0    0 
   0    0    0    0    0    0    0    0    0    0    0    0    0    0    0 
7188 5673 3255 1630  759  304   92   23    9    3    0    0    0    0    0 
   7    6    4    5    2    0    0    0    0    0    0    0    0    0    0 
