300
78247
   5 2739 1449  750  408  796  184  141  115   57  404   53   80   44   38 
  95   45   30   28   13  163   11   25   10   17   58    8   17   13    3 
  70    9    8   11    1   30    8    6    6    3   30    3    7    2    6 
  15    2    7    1    5   57    3    1    4    1    7    4    1    0    1 
  20    1    3    2    0    2    1    1    0    1   12    1    1    2    0 
   6    1    0    0    0   11    1    2    0    2    1    0    1    0    0 
   8    0    0    1    1    1    0    0    1    2   14    0    1    0    0 
   2    0    0    0    0    1    0    0    0    0    2    2    0    0    0 
   5    0    0    0    0    0    1    0    0    0    4    0    0    0    0 
   0    0    0    0    0    1    0    0    0    0    0    1    0    0    0 
   6    0    0    0    0    1    0    0    0    0    0    0    0    0    0 
   0    0    0    0    0    1    0    0    0    0    0    0    0    1    0 
   0    0    0    0    0    0    0    0    0    0    0    0    0    0    0 
   0    0    0    0    0    3    0    0    0    0    0    0    0    0    0 
   1    0    0    0    0    0    0    0    0    0    0    0    0    0    0 
   0    0    0    0    0    1    0    0    0    0    0    0    0    0    0 
   0    0    0    0    0    0    0    0    0    0    0    0    0    0    0 
   0    0    0    0    0    0    0    0    0    0    0    0    0    0    0 
   0    0    0    0    0    0    0    0    0    0    0    0    0    0    0 
   0    0    0    0    0    0    0    0    0    0    0    0    0    0    8 


   0  319  864  778  517 1893  439  238  220  118 
   0  189  203  126   99  892   96   59   60   31 
   1   34   67   35   29  488   39   30   23   14 
   0   20   27   28   14  153   31    6   18    4 
   0   14   19   11    7   96   12    6    6    4 
   0    9    3    9   11   39    7    3    7    4 
   0    7   11    9    8   35    3    4    8    0 
   1    4    2    1    2   51    4    4    8    1 
   0    5    2    3    1   24    8    2    3    1 
   0    1    2    1    3   19    7    4    1    2 
   0    0    4    3    3   14    2    2    0    0 
   0    2    1    1    0   13    4    1    2    3 
   0    0    0    0    2   11    4    5    0    0 
   0    1    0    2    1   12    2    2    1    2 
   0    0    1    1    1    8    4    0    2    4 
   1    0    1    4    3    2    1    2    1    0 
   0    1    1    0    1    7    0    2    1    1 
   0    2    1    0    2    1    0    1    0    0 
   0    0    1    0    1    6    1    1    0    0 
   0    1    1    0    0    5    1    1    1    0 
   0    2    1    2    1    2    0    1    2    0 
   0    1    2    1    0    1    0    0    0    0 
   0    1    0    0    1    2    1    0    0    0 
   0    0    0    0    1    3    0    0    0    0 
   0    1    0    2    0    3    0    0    0    0 
   0    0    0    0    0    3    0    0    2    1 
   0    0    0    0    0    0    1    0    0    0 
   0    0    0    0    0    1    1    0    1    0 
   0    0    0    0    0    1    0    0    1    0 
   0    0    0    0    0    2    0    0    0    0 
   0    0    1    0    0    0    1    0    1    1 
   0    0    0    0    2    1    0    0    0    0 
   0    0    0    1    0    2    0    0    1    0 
   0    1    0    1    0    0    0    0    0    0 
   0    0    0    0    0    0    1    0    0    0 
   0    0    0    0    0    3    0    1    0    0 
   0    0    0    0    0    1    0    0    0    1 
   0    0    0    0    0    1    1    0    0    0 
   0    1    0    0    0    2    0    0    0    0 
   0    0    0    0    0    0    0    0    0    0 
   0    0    0    1    0    0    0    0    1    0 
   0    0    0    1    0    1    0    0    0    0 
   0    0    0    1    0    0    0    0    0    0 
   0    0    0    0    0    1    0    0    1    0 
   0    0    0    0    0    0    0    1    0    0 
   0    0    0    0    0    0    0    0    0    0 
   0    0    0    1    1    0    0    0    0    0 
   0    0    1    0    0    1    0    0    1    0 
   0    0    0    0    0    2    0    0    0    0 
   0    0    0    0    0    1    0    0    0    0 
   0    0    0    0    0    0    1    0    0    0 
   0    0    0    0    0    0    1    0    0    0 
   0    0    0    0    0    1    1    1    0    0 
   0    0    0    0    0    0    0    0    0    0 
   0    0    0    0    0    0    0    1    0    0 
   0    0    0    0    0    0    0    0    0    0 
   0    0    0    0    1    0    0    0    0    0 
   0    0    0    0    0    0    1    0    0    0 
   0    0    0    0    0    0    0    0    0    0 
   0    0    0    0    0    0    0    0    0    0 
   0    0    0    0    0    1    0    0    0    0 
   0    0    0    0    0    0    0    0    0    0 
   0    1    0    0    0    1    0    0    0    0 
   0    0    0    0    0    2    0    0    0    0 
   0    0    0    1    0    0    0    0    0    0 
   1    0    0    0    1    1    0    0    0    1 
   0    0    0    0    0    0    0    0    0    0 
   0    1    0    0    0    0    0    0    1    1 
   0    0    0    1    0    0    0    0    0    0 
   0    0    0    0    0    0    0    0    0    0 
   0    0    1    0    0    0    1    0    0    0 
   0    0    0    0    0    0    0    0    0    0 
   0    0    0    0    0    1    0    0    1    0 
   0    0    0    0    0    0    0    0    0    0 
   0    0    0    0    0    0    0    0    0    0 
   0    0    0    0    0    0    0    0    0    0 
   0    0    0    0    0    1    0    0    0    0 
   0    0    0    0    0    0    0    0    0    0 
   0    0    0    0    0    0    0    0    0    0 
   0    0    0    0    0    1    0    0    0    0 
   0    0    0    0    0    0    0    0    0    0 
   0    0    0    0    0    0    0    0    0    0 
   0    0    0    0    0    1    0    0    0    0 
   0    0    0    0    0    0    0    0    0    0 
   0    0    1    0    0    0    0    0    0    0 
   0    0    0    0    0    0    0    0    0    0 
   0    0    0    0    0    0    0    0    0    0 
   0    0    0    0    0    0    0    0    0    0 
   0    0    0    0    0    0    0    0    0    0 
   0    0    0    0    0    0    0    0    0    0 
   0    1    0    0    1    0    0    0    0    0 
   0    0    1    0    0    0    0    0    0    0 
   0    0    0    0    0    0    0    0    0    0 
   0    0    0    0    0    0    0    0    0    0 
   0    0    0    0    0    1    0    0    0    0 
   0    0    0    0    0    0    0    0    0    0 
   0    0    1    1    0    0    0    0    0    0 
   0    0    0    0    0    0    0    0    0    0 
   0    0    0    0    0    0    0    0    0    0 
   0    0    0    0    0    0    0    0    0    0 
   0    0    0    0    0    0    0    0    0    1 
   0    0    0    0    0    0    0    0    0    0 
   0    0    0    0    0    0    0    0    0    0 
   0    0    0    0    0    0    0    1    0    0 
   0    0    0    0    0    0    0    0    0    0 
   0    0    0    0    0    0    0    0    0    0 
   0    0    0    0    0    1    0    0    0    0 
   0    0    0    0    0    0    0    0    0    0 
   0    0    0    0    0    0    0    0    0    0 
   0    0    0    0    0    1    0    0    0    1 
   0    0    0    0    0    0    0    0    0    0 
   0    0    0    0    0    0    0    0    0    0 
   0    0    1    0    0    0    0    0    0    0 
   0    1    0    0    0    0    0    0    0    1 
   1    0    0    0    0    0    0    0    0    1 
   0    0    0    0    0    0    0    0    0    0 
   0    0    1    0    0    0    0    0    0    0 
   0    0    0    0    0    0    0    0    0    0 
   0    0    0    0    0    0    0    0    0    0 
   0    0    0    0    0    0    0    0    0    0 
   0    0    0    0    0    0    0    0    0    0 
   0    0    0    0    0    0    0    0    0    0 
   0    0    0    0    0    0    0    0    0    0 
   0    0    0    0    0    0    0    0    0    0 
   0    0    0    0    0    0    0    0    0    0 
   0    0    0    1    0    0    0    0    0    0 
   0    0    0    0    0    0    0    0    0    0 
   0    0    0    0    0    0    0    0    0    0 
   0    0    0    0    0    0    0    0    0    0 
   0    0    0    0    0    0    0    0    0    1 
   0    0    0    0    0    0    0    0    0    0 
   0    0    0    0    0    0    0    0    0    0 
   0    0    0    0    0    0    0    0    0    0 
   0    0    0    0    0    0    0    0    0    0 
   0    0    0    0    0    0    0    0    0    0 
   0    0    0    0    0    0    0    0    0    0 
   0    0    0    0    0    0    0    0    0    0 
   0    0    0    0    0    0    0    0    0    0 
   0    0    0    0    0    0    0    0    0    0 
   0    0    0    0    1    0    0    0    0    0 
   0    0    0    0    0    0    1    0    0    0 
   0    0    0    0    0    0    0    0    0    0 
   0    0    0    0    0    0    0    0    0    0 
   0    0    0    0    0    0    0    0    0    0 
   0    0    0    0    0    0    0    0    0    0 
   0    0    0    0    0    0    0    0    0    0 
   0    0    0    0    0    0    0    0    0    0 
   0    1    0    0    0    0    0    0    0    0 
   0    0    0    0    0    0    0    0    0    0 
   0    0    0    0    0    0    0    0    0    0 
   0    0    0    0    0    0    0    0    0    0 
   0    0    0    0    0    0    0    0    0    0 
   0    0    0    0    0    0    0    0    0    0 
   0    0    0    0    0    0    0    0    0    0 
   0    0    0    1    0    0    0    0    0    0 
   0    0    0    0    0    0    0    0    0    0 
   0    0    0    0    0    0    0    0    0    0 
   0    0    0    0    0    0    0    0    0    0 
   0    0    0    0    0    0    0    0    0    0 
   0    0    0    0    0    0    0    0    0    0 
   0    0    0    0    0    0    0    0    0    0 
   0    0    0    0    0    0    0    0    0    0 
   0    0    0    0    0    0    0    0    0    0 
   0    0    0    0    0    0    0    0    0    0 
   0    0    0    0    0    0    0    0    0    0 
   0    0    0    0    0    0    0    0    0    0 
   0    0    0    0    0    0    0    0    0    0 
   0    0    0    0    0    0    0    0    0    0 
   0    0    0    0    0    0    0    0    0    0 
   0    0    0    0    0    0    0    0    0    0 
   0    0    0    0    0    0    0    0    0    0 
   0    0    0    0    1    0    0    0    0    0 
   0    0    0    0    0    0    0    0    0    0 
   0    0    0    0    0    0    0    0    0    0 
   0    0    0    0    0    0    0    0    0    0 
   0    0    0    0    0    0    0    0    0    0 
   0    0    0    0    0    0    0    0    0    0 
   0    0    0    0    0    0    0    0    0    0 
   0    0    0    0    0    0    0    0    0    0 
   0    0    0    0    0    0    0    0    0    0 
   0    0    0    0    0    0    0    0    0    0 
   0    0    0    0    0    0    0    0    0    0 
   0    0    0    0    0    0    0    0    0    0 
   0    0    0    0    0    0    0    0    0    0 
   0    0    0    0    0    0    0    0    0    0 
   0    0    0    0    0    0    0    0    0    0 
   0    0    0    0    0    0    0    0    0    1 
   0    0    0    0    0    0    0    0    0    0 
   0    0    0    0    0    0    0    0    0    0 
   0    0    0    0    0    0    0    0    0    0 
   0    0    0    0    0    0    0    0    0    0 
   0    0    0    0    0    0    0    0    0    0 
   0    0    0    0    0    0    0    0    0    0 
   0    0    0    0    0    0    0    0    0    0 
   0    0    0    0    0    0    0    0    0    0 
   0    0    0    0    0    0    0    0    0    0 
   0    0    0    0    0    0    0    0    0    0 
   0    0    0    0    0    0    0    0    0    0 
   0    0    0    0    0    1    0    0    0    0 
   0    0    0    0    1    0    0    0    0    0 
   0    0    0    0    0    0    0    0    0    0 
   0    0    0    0    0    0    0    0    0    0 
   0    0    0    0    0    0    0    0    0    0 
   0    0    0    0    0    0    0    0    0    0 
   0    0    0    0    0    0    0    0    0    0 
   0    0    0    0    0    0    0    0    0    0 
   0    0    0    0    0    0    0    0    0    0 
   0    0    0    0    0    0    0    0    0    0 
   1    0    0    0    0    0    0    0    0    1 
   0    0    0    0    0    0    0    0    0    0 
   1    0    0    0    0    0    0    0    0    0 
   0    0    0    0    0    0    0    0    0    0 
   0    0    0    0    0    0    0    0    0    0 
   0    0    0    0    0    0    0    0    0    0 
   0    0    0    0    0    0    0    0    0    0 
   0    0    0    0    0    0    0    0    0    0 
   0    0    0    0    0    0    0    0    0    0 
   0    0    0    0    0    0    0    0    0    0 
   0    0    0    0    0    0    1    0    0    0 
   0    0    0    0    0    0    0    0    0    0 
   0    0    0    0    0    0    0    0    0    0 
   0    0    0    0    0    0    0    0    0    0 
   1    0    0    0    0    0    0    0    0    0 
   0    0    0    0    0    0    0    0    0    0 
   0    0    0    0    0    0    0    0    0    0 
   0    0    0    0    0    0    0    0    0    0 
   0    0    0    0    0    0    0    0    0    0 
   0    0    0    0    0    0    0    0    0    0 
   0    0    0    0    0    0    0    0    0    0 
   0    0    0    0    0    0    0    0    0    0 
   0    0    0    0    0    0    0    0    0    0 
   0    0    0    0    0    0    0    0    0    0 
   0    0    0    0    0    0    0    0    0    0 
   0    0    0    0    0    0    0    0    0    0 
   0    0    0    0    0    0    0    0    0    0 
   0    0    0    0    0    0    0    0    0    0 
   0    0    0    0    0    0    0    0    0    0 
   0    0    0    0    0    0    0    0    0    0 
   0    0    0    0    0    0    0    0    0    0 
   0    0    0    0    0    0    1    0    0    0 
   0    0    0    0    0    0    0    0    0    0 
   0    0    0    0    0    0    0    0    0    0 
   0    0    0    0    0    0    0    0    0    0 
   0    0    0    0    0    0    0    0    0    0 
   0    0    0    0    0    0    0    0    0    0 
   0    0    0    0    1    0    0    0    0    0 
   0    0    0    0    0    0    0    0    0    0 
   0    0    0    1    0    0    0    0    0    0 
   0    0    0    0    0    0    0    0    0    0 
   0    0    0    0    0    0    0    0    0    0 
   0    0    0    0    0    0    0    0    0    0 
   0    0    0    0    0    0    0    0    0    0 
   0    0    0    0    0    0    0    0    0    0 
   0    0    0    0    0    0    0    0    0    0 
   0    0    0    0    0    0    0    0    0    0 
   0    0    0    0    0    0    0    0    0    0 
   0    0    0    0    0    0    0    0    0    0 
   0    0    0    0    0    0    0    0    0    1 
   0    0    0    0    0    0    0    0    0    0 
   0    0    0    0    0    0    0    0    0    0 
   0    0    0    0    0    0    0    0    0    0 
   0    0    0    0    0    0    0    0    1    0 
   0    0    0    0    0    0    0    0    0    0 
   0    0    0    0    0    0    0    0    0    0 
   0    0    0    0    0    0    0    0    0    0 
   0    0    0    0    0    0    0    0    0    0 
   0    0    0    0    0    0    0    0    0    0 
   0    0    0    0    0    0    0    0    0    0 
   0    0    0    0    0    0    0    0    0    0 
   0    1    0    0    0    0    0    0    0    0 
   0    0    0    0    0    0    0    0    0    0 
   0    0    0    0    0    0    0    0    0    0 
   0    0    0    0    0    0    0    0    0    0 
   0    0    0    0    0    0    0    0    0    0 
   0    0    0    0    0    0    0    0    0    0 
   0    0    0    0    0    0    0    0    0    0 
   0    0    0    0    0    0    1    0    0    0 
   0    0    0    0    0    0    0    0    0    0 
   0    0    0    0    0    0    0    0    0    0 
   0    0    0    0    0    0    0    0    0    0 
   0    0    0    0    0    0    0    0    0    0 
   0    0    0    0    0    0    0    0    0    0 
   0    0    0    0    0    0    0    0    0    0 
   0    0    0    0    0    0    0    0    0    0 
   0    0    0    0    0    0    0    0    0    0 
   0    0    0    0    0    0    0    0    0    0 
   0    0    0    0    0    0    0    0    0    0 
   0    0    0    0    0    0    0    0    0    0 
   0    0    0    0    0    0    0    0    0    0 
   0    0    0    0    0    0    0    0    0    0 
   0    0    0    0    0    0    0    0    0    0 
   0    0    0    0    0    0    0    0    0    0 
   0    0    0    0    0    0    0    0    0    0 
   0    0    0    0    0    0    0    0    0    1 
   0    0    0    0    0    0    0    0    0    0 
   0    0    0    0    0    0    0    0    0    0 
   0    0    0    0    0    0    0    0    0    0 
   0    0    0    0    0    0    0    0    0    0 
   0    0    0    0    0    0    0    0    0    0 
   0    0    0    0    0    0    0    0    0    0 

1496 3307 3063 2256 1889 2311 1602 2037 1364 1151 
1252 1099 1272  995  904  891  864  792  768  673 
 729  664  744  648  590  587  515  545  434  462 
 483  452  454  484  418  392  375  369  352  348 
 329  298  294  294  242  295  266  270  258  244 
 295  257  265  251  216  221  197  190  202  194 
 182  172  201  173  170  163  177  158  176  149 
 140  156  158  141  142  141  161  147  111  134 
 134  124  134  134  128  124  107  118  119  102 
 108  112  113  107   89  120  102  103  107  100 
  98  102  111   80   84  102   96   87   90   95 
  77   89   77   76   77   64   67   59   71   70 
  80   78   55   78   67   52   70   74   69   68 
  63   74   58   67   55   69   44   46   49   58 
  58   68   50   56   50   51   65   60   51   52 
  51   41   57   54   49   45   47   49   52   47 
  50   47   47   54   40   46   43   35   37   43 
  34   39   36   55   37   38   40   40   26   50 
  31   36   21   33   28   42   41   30   48   32 
  30   19   31   34   22   31   32   19   33   26 
  38   29   25   22   33   34   26   40   21   32 
  30   27   25   33   24   26   31   32   32   22 
  26   22   30   35   24   22   21   18   22   19 
  17   18   25   24   26   28   29   27   27   21 
  32   24   18   14   20   19   18   20   20   15 
  19   17   22   15   23   24   22   17   19   21 
  19   19   19   20   22   13   15   12   14   16 
  24   17   18   19   26   14   12   14   16   16 
  14   20   17   17   14   23   16   10   15   17 
  13   11   17   15   17   15    9   17   12   15 
  10   16   11    6   11   18   10   20    9    9 
  16   12    9    6    8   10   11   15   10    7 
  13    8   10    7   19   10    9   12    8   17 
  15   16   12   11    9   12    8    8    9   11 
   8    8   12    8   15   11   11   12    9    7 
  12    8    6    6    4    5   13    8    7    7 
   5    6    9   13   10   10    4   11   17   13 
   5    6    7    8    7   11    8   13    6    8 
   8    6   13   13   13    6   12   11   11    7 
  12    5    9    6   12   13   15    5    5    7 
  14    6    8    5    9    6    6    9    9    6 
   7    8   11    7    6    6    8    4   10    9 
   8    3    6    7    4    5    4    9    4    2 
   9    4    5    6    5   11    6   10   10    5 
   6    6    8    7    4    6    6    7    5    3 
   5    4    4    5    5   10    6    7    3    3 
   3    7    3    5    5    2    7    3    6    5 
   7    3    5    7    4    6    2    7    6    5 
   6    5    2    1    2    6    3    9    4    5 
   5    7    2    7    3    3    2    8    5    4 
   9    3    4    8    6    5    2    4    6    3 
   3    3    2    1    4    3    5    6    5    6 
   6    5    4    2    4    7    2    4    5    4 
   0    2    2    6    0    1    4    3    5    4 
   2    3    4    5    3    4    2    1    1    2 
   7    3    4    4    8    4    1    8    2    0 
   4    3    3    7    3    3    5    4    2    4 
   4    3    4    2    2    4    6    2    3    5 
   4    2    0    6    1    0    4    2    2    3 
   1    1    2    1    6    4    2    3    4    0 
   1    6    1    6    3    1    3    5    5    2 
   2    2    1    2    0    3    4    4    3    4 
   5    2    2    1    3    0    1    1    2    2 
   1    1    6    2    3    3    1    1    2    2 
   0    3    2    4    1    2    4    4    2    3 
   3    2    3    3    4    1    1    1    0    2 
   0    2    0    3    3    1    5    1    0    3 
   1    3    1    4    2    0    3    3    4    0 
   3    0    2    3    0    0    6    2    2    4 
   5    2    1    1    2    3    4    3    5    0 
   4    0    1    1    1    0    0    0    2    2 
   1    0    0    4    2    3    1    3    1    3 
   0    1    2    1    0    1    4    2    0    4 
   1    2    5    1    1    2    1    2    1    1 
   0    0    0    1    3    1    0    0    2    2 
   2    2    2    3    0    1    2    2    0    0 
   3    1    3    3    1    1    1    1    0    3 
   0    3    2    3    1    1    3    3    1    1 
   2    0    1    1    0    2    1    1    0    0 
   1    0    2    0    1    1    2    4    3    2 
   1    0    2    5    1    3    1    3    0    2 
   2    0    1    1    0    1    1    2    0    1 
   0    2    1    0    1    1    2    1    3    0 
   2    0    0    0    2    3    1    1    0    1 
   1    1    0    1    0    3    1    0    3    3 
   3    0    3    0    1    0    0    1    0    1 
   1    2    0    0    1    2    3    1    0    1 
   1    0    1    1    0    0    1    0    3    0 
   1    1    1    1    0    0    1    1    2    1 
   0    2    1    1    1    3    0    1    0    2 
   3    0    1    1    0    1    1    2    2    0 
   1    1    2    1    1    0    1    0    0    2 
   1    0    2    1    3    2    2    2    1    0 
   4    2    0    1    1    0    0    1    2    2 
   2    2    3    0    1    2    0    0    1    0 
   0    1    0    1    1    0    1    0    1    2 
   0    1    2    1    2    1    0    1    1    0 
   1    0    0    1    0    4    1    0    1    2 
   1    3    0    0    0    0    0    0    0    1 
   0    2    0    0    0    0    0    0    0    0 
   3    1    1    0    0    0    0    1    3    0 
   1    0    0    0    1    0    0    0    0    0 
   1    1    0    0    1    1    0    0    3    1 
   1    1    0    1    0    2    2    1    1    1 
   0    1    1    1    1    0    0    3    1    0 
   0    0    0    0    0    1    0    0    0    1 
   1    1    0    3    2    1    1    2    1    1 
   1    1    1    1    1    0    0    0    1    1 
   1    1    2    1    2    0    1    0    2    1 
   0    0    1    0    0    0    2    0    0    1 
   0    0    0    0    3    0    1    0    0    0 
   0    0    0    0    1    0    1    0    0    0 
   0    0    0    0    0    0    0    0    0    0 
   0    1    0    1    0    0    0    1    0    0 
   1    0    1    0    0    1    1    2    0    1 
   0    1    1    2    0    1    1    0    1    0 
   1    0    0    0    1    0    0    1    2    0 
   0    0    0    0    0    0    0    1    3    1 
   0    0    0    0    1    0    0    0    0    0 
   0    0    0    0    0    0    1    0    0    1 
   0    0    0    0    0    1    0    0    3    1 
   1    0    0    1    0    1    1    0    0    0 
   1    0    0    1    0    0    0    0    1    1 
   1    0    0    1    0    0    0    2    0    0 
   0    0    0    1    0    0    0    2    0    0 
   1    1    0    0    1    0    1    1    1    1 
   1    2    1    0    0    1    1    1    2    2 
   0    0    0    1    2    0    0    0    0    1 
   0    1    1    0    0    0    0    0    0    0 
   1    0    0    0    1    1    0    0    0    0 
   1    0    0    0    2    0    1    0    0    0 
   2    0    0    0    0    0    0    0    1    0 
   1    0    1    0    0    1    0    0    2    0 
   0    0    0    0    0    0    3    0    0    1 
   0    0    0    0    1    0    0    1    0    0 
   1    0    1    1    1    0    0    0    0    2 
   0    0    0    0    0    0    1    0    0    0 
   0    0    1    1    0    1    0    0    0    0 
   0    0    0    0    0    0    0    0    0    1 
   0    0    0    0    0    1    0    0    0    0 
   1    0    0    0    0    0    0    0    0    0 
   1    0    0    0    0    0    0    0    0    0 
   0    1    0    0    0    0    1    0    0    0 
   0    0    0    0    0    0    1    0    1    0 
   0    1    0    0    0    0    0    0    0    0 
   0    0    0    0    1    0    0    0    0    0 
   0    2    0    0    0    0    1    0    0    1 
   0    0    0    1    1    0    0    0    0    0 
   1    0    0    0    0    1    1    1    0    0 
   0    0    0    0    0    1    0    0    0    0 
   0    0    0    0    0    2    0    0    0    0 
   0    0    0    0    0    0    2    0    0    1 
   0    0    0    0    0    0    1    0    0    0 
   0    0    1    0    0    0    0    0    0    1 
   0    0    1    0    0    0    0    0    0    0 
   0    2    0    0    1    1    0    0    1    0 
   0    0    0    0    0    0    0    0    0    0 
   0    1    0    1    0    0    0    0    0    0 
   0    0    0    0    0    0    1    1    0    0 
   0    0    0    0    0    0    0    1    0    0 
   1    0    0    0    0    0    0    1    0    1 
   0    0    0    0    0    0    0    0    0    0 
   0    0    0    0    0    0    0    0    0    0 
   0    1    0    0    0    0    0    0    1    0 
   0    1    0    1    0    0    0    1    0    0 
   0    0    1    0    0    0    1    0    0    0 
   0    0    0    0    1    0    0    0    1    0 
   0    0    0    1    0    1    0    0    0    0 
   0    0    0    0    0    0    0    0    1    0 
   0    0    0    0    0    1    0    0    0    0 
   0    0    0    0    0    0    0    0    0    0 
   1    0    0    0    0    0    0    0    0    0 
   0    0    1    0    0    0    0    0    0    0 
   1    0    0    2    0    0    0    0    0    0 
   0    0    1    0    0    0    0    0    0    0 
   0    0    0    0    0    0    0    0    0    0 
   0    0    0    0    0    0    0    0    1    1 
   0    0    1    0    1    1    0    0    0    0 
   0    0    0    1    0    0    0    0    0    0 
   0    0    0    0    0    0    0    0    0    0 
   0    0    0    0    1    0    0    0    0    0 
   0    0    1    1    0    0    0    0    0    0 
   1    0    0    0    0    0    0    0    0    1 
   0    0    0    0    0    0    1    0    0    0 
   0    0    0    0    0    0    0    0    0    1 
   0    0    0    0    0    0    0    0    0    0 
   1    0    0    0    0    0    1    0    1    0 
   0    0    0    0    0    0    1    0    0    0 
   1    0    0    0    0    1    0    1    0    0 
   0    0    0    1    0    0    0    1    1    1 
   0    0    0    0    0    0    0    0    0    0 
   0    0    0    0    0    0    0    1    2    0 
   0    0    0    0    0    0    0    0    1    0 
   0    0    0    0    0    0    0    0    0    0 
   0    0    0    0    0    0    0    0    0    0 
   0    0    0    0    0    0    1    0    0    0 
   0    0    0    0    1    0    1    0    1    0 
   0    0    0    0    0    0    0    0    0    0 
   0    0    1    0    0    0    0    0    0    0 
   0    0    1    0    0    0    0    0    0    1 
   0    0    0    1    0    0    0    0    0    0 
   0    0    0    0    0    0    0    0    0    0 
   0    0    0    0    0    0    0    0    1    0 
   0    0    0    0    0    0    0    1    0    0 
   0    0    0    0    0    0    0    1    0    0 
   0    0    0    0    0    0    0    0    0    1 
   0    1    0    0    0    0    0    0    0    0 
   0    1    0    0    0    0    0    0    0    1 
   0    0    0    0    0    0    0    0    0    0 
   0    0    0    0    0    1    0    0    0    0 
   0    1    0    0    0    1    0    0    0    0 
   0    0    0    0    0    0    0    0    0    0 
   1    0    0    0    0    1    1    0    0    0 
   0    0    0    1    0    0    1    0    0    0 
   0    0    0    1    0    0    0    0    0    0 
   0    0    1    0    0    0    0    0    0    0 
   0    0    0    0    0    0    0    0    0    0 
   0    0    0    0    0    0    0    0    0    0 
   0    0    0    0    0    0    0    0    0    0 
   0    0    0    0    0    0    0    0    0    0 
   0    0    0    0    0    0    0    1    0    0 
   0    0    0    0    0    0    0    0    0    0 
   0    0    0    0    0    0    0    0    0    0 
   0    1    0    0    0    0    0    0    0    0 
   0    0    0    0    0    0    0    0    0    0 
   1    0    0    0    0    0    0    0    0    0 
   0    0    1    0    0    0    0    0    0    0 
   0    0    0    0    0    0    0    0    0    0 
   0    0    0    0    0    0    0    0    0    0 
   0    0    0    0    0    0    0    0    0    0 
   0    1    0    0    0    0    0    0    0    0 
   1    0    0    0    0    1    0    0    0    0 
   0    0    0    0    0    0    0    0    0    0 
   0    0    0    0    0    0    0    0    0    0 
   0    0    0    0    0    0    0    0    0    0 
   0    0    0    0    0    0    0    0    0    0 
   1    0    0    0    0    0    0    0    0    0 
   0    0    0    0    0    0    0    0    0    1 
   0    0    0    0    0    0    0    0    0    0 
   0    0    0    0    0    0    0    0    0    0 
   0    0    1    0    0    0    0    0    0    0 
   0    0    0    0    0    0    0    0    0    0 
   0    0    0    0    0    0    0    0    0    0 
   0    0    0    1    0    0    0    0    0    0 
   0    0    0    1    0    0    0    0    0    0 
   0    0    0    0    0    0    0    0    0    0 
   0    0    1    0    0    0    0    0    0    0 
   0    0    0    0    1    0    0    0    0    0 
   0    0    0    0    0    0    0    0    0    0 
   0    0    0    0    0    0    0    0    0    1 
   0    0    0    0    0    0    0    0    0    0 
   0    0    0    0    0    0    0    0    0    0 
   0    0    0    0    0    0    0    0    0    0 
   0    0    0    0    0    0    0    0    0    0 
   0    0    0    0    0    0    0    0    0    0 
   0    0    0    0    0    0    0    0    0    0 
   0    0    0    0    0    0    0    0    0    0 
   0    0    0    0    0    0    0    1    0    0 
   0    0    0    0    0    0    0    0    0    0 
   0    0    1    0    0    0    0    0    1    0 
   0    0    0    0    0    0    0    1    0    0 
   0    0    0    0    0    0    0    0    0    0 
   0    0    0    0    0    0    0    0    0    0 
   0    0    0    0    0    0    0    0    0    0 
   0    0    0    0    0    0    0    0    0    0 
   0    0    0    0    0    0    0    0    0    0 
   0    0    0    0    0    0    0    0    0    0 
   0    0    0    0    0    0    0    0    0    0 
   0    0    0    0    0    0    0    0    0    0 
   0    0    0    0    0    0    0    0    0    0 
   0    0    0    0    0    0    0    0    0    0 
   0    0    0    0    0    0    0    0    1    0 
   0    0    0    0    1    0    0    0    0    0 
   0    0    0    0    0    0    1    0    0    0 
   1    0    0    0    0    0    0    0    0    0 
   0    0    0    0    0    0    0    0    0    0 
   0    0    0    0    0    0    0    0    0    0 
   0    0    0    0    0    0    0    0    0    0 
   0    0    0    0    0    0    0    0    0    0 
   0    0    0    0    0    0    1    0    1    0 
   0    0    0    0    0    0    0    0    0    0 
   0    0    0    0    1    0    1    0    0    0 
   1    0    0    0    0    0    0    0    0    1 
   0    0    0    0    0    0    0    0    0    0 
   0    0    0    0    0    0    0    0    0    0 
   0    0    0    0    0    0    0    0    0    0 
   0    0    0    0    0    0    0    0    0    0 
   0    0    0    0    0    0    0    0    0    0 
   0    0    0    0    0    0    0    0    0    0 
   0    0    0    0    0    0    0    0    0    0 
   0    0    0    0    0    0    0    0    0    0 
   0    0    0    0    0    0    0    0    0    0 
   1    0    0    0    0    0    0    0    2    0 
   0    0    0    0    0    0    0    0    1    0 
   0    0    0    0    0    0    0    0    0    0 
   0    0    0    0    0    0    0    0    0    0 
   0    0    0    1    0    1    0    1    0    0 
   0    0    0    0    0    0    0    0    0    1 
   0    0    0    0    0    0    0    0    0    0 
   0    0    0    0    0    0    0    1    0    0 

 293 1239 1240  725  561 1094  477  987  389  260 
 322  283  437  263  170  160  160  224  125  107 
 108  120  169   85   82   82   68   94   53   41 
  59   59   63   53   33   34   39   53   36   35 
  32   34   40   17   23   19   19   28   23   19 
  24   20   26   14   12   12   14   22   19   12 
  14   17   17   13    9   12    8   16    8   13 
   9   11   13   17   11   12   12   15    6    9 
   5    8    5    3    5    7    6    9    6    5 
   2    6   10    6    6    9    4    5    7    8 
   6    9   15    2    4    1    3    6    6    9 
   5    1    5    7    0    4    2    7    5    3 
   4    6    1    2    3    4    2    5    6    4 
   3    0    2    5    1    5    4    2    4    0 
   1    3    0    4    2    1    3    4    3    3 
   0    3    4    5    2    3    3    3    3    2 
   2    3    4    4    1    2    3    2    2    2 
   2    0    2    0    1    1    2    1    2    2 
   2    1    1    3    1    3    2    3    1    2 
   0    0    2    0    2    1    0    1    3    2 
   1    2    0    1    3    1    1    1    0    1 
   2    2    2    1    1    3    0    2    1    3 
   3    2    4    1    1    0    1    0    2    2 
   1    1    1    1    1    0    1    1    0    0 
   0    1    1    0    1    2    0    1    1    1 
   1    0    2    2    2    3    1    0    1    1 
   1    0    1    2    2    1    0    2    0    2 
   0    1    1    2    2    0    0    2    1    2 
   0    1    3    0    0    2    0    1    1    1 
   2    1    2    1    2    1    2    1    0    0 
   1    2    0    0    1    0    0    0    0    2 
   0    0    0    0    0    0    2    0    0    0 
   0    0    0    0    0    1    0    1    0    0 
   0    1    0    1    0    1    0    0    1    0 
   0    0    1    0    0    2    0    3    1    0 
   2    1    0    0    0    0    0    3    1    0 
   0    0    0    0    1    0    1    0    1    0 
   1    1    1    0    1    1    0    1    0    0 
   0    0    1    0    1    0    0    3    0    1 
   1    0    1    1    2    1    0    1    0    0 
   1    0    0    0    1    2    1    1    1    0 
   1    0    1    0    0    0    0    1    1    0 
   0    0    1    0    0    0    0    1    0    0 
   0    0    0    0    0    1    1    0    0    0 
   0    1    1    0    1    0    2    1    0    1 
   0    0    0    0    0    0    0    1    1    1 
   0    0    0    0    0    0    0    0    0    0 
   0    0    0    0    1    0    0    1    0    1 
   0    0    0    0    1    0    0    0    0    0 
   1    1    1    1    0    0    0    0    0    1 
   0    0    1    0    0    0    0    0    0    0 
   0    0    0    0    1    0    0    1    0    0 
   1    0    1    0    0    0    0    0    0    0 
   0    0    0    1    0    0    0    0    0    0 
   0    0    0    0    0    0    0    0    0    0 
   0    1    0    0    0    0    0    0    0    0 
   1    0    0    1    1    0    0    0    0    0 
   0    0    0    0    0    0    0    0    0    0 
   0    0    0    0    0    0    0    2    0    0 
   0    0    0    0    0    0    0    0    0    0 
   0    0    0    0    0    0    0    0    1    0 
   0    0    0    0    0    0    0    0    0    1 
   0    1    0    0    0    0    0    0    0    0 
   0    0    0    0    0    0    0    0    0    0 
   0    0    0    0    0    0    0    0    0    0 
   1    0    0    0    0    0    0    0    0    0 
   0    0    0    1    0    0    0    0    0    0 
   0    1    0    0    0    0    1    0    0    0 
   0    0    0    0    0    0    0    0    0    0 
   1    0    0    0    0    0    1    0    0    0 
   0    0    0    0    1    0    0    0    0    0 
   1    0    0    0    0    1    0    0    0    0 
   0    0    0    0    0    0    0    0    0    0 
   0    0    0    0    0    0    0    0    0    0 
   0    0    0    0    0    0    0    0    0    0 
   0    0    0    1    0    0    0    0    0    0 
   0    0    1    0    0    0    0    1    0    0 
   0    1    0    0    0    0    0    0    0    0 
   0    0    0    0    0    0    0    0    0    0 
   0    0    0    0    0    1    0    1    0    0 
   0    0    0    0    0    0    0    0    0    0 
   0    0    0    0    0    0    0    0    0    0 
   0    0    0    0    1    0    0    0    0    0 
   0    0    0    0    0    0    0    0    0    0 
   0    0    0    0    0    0    1    0    0    0 
   0    0    0    0    1    0    0    0    0    0 
   0    0    0    0    0    0    0    0    0    0 
   0    0    0    0    0    0    0    0    0    0 
   0    0    0    0    0    0    0    0    0    0 
   0    1    0    0    0    1    0    0    0    0 
   0    0    0    0    0    0    0    0    0    0 
   0    0    0    0    0    0    0    0    0    0 
   0    0    0    0    0    0    0    0    0    0 
   0    0    0    0    0    0    0    0    0    0 
   0    0    0    0    0    1    0    0    0    0 
   0    0    0    0    0    0    0    0    0    0 
   0    0    0    0    1    0    0    0    1    0 
   1    0    0    0    0    0    0    0    0    0 
   0    0    0    0    0    0    0    0    0    0 
   0    0    0    0    0    0    0    0    0    0 
   1    0    0    0    0    0    0    0    0    0 
   0    0    0    0    0    0    0    0    0    0 
   0    0    0    0    0    0    0    0    0    0 
   0    0    0    0    0    0    0    0    0    0 
   0    0    0    0    0    0    0    0    0    0 
   0    0    0    0    0    0    0    0    0    0 
   0    0    0    0    0    0    0    0    0    0 
   0    0    0    0    0    0    0    0    0    0 
   1    0    0    0    0    0    1    0    0    0 
   0    0    0    0    0    0    1    0    0    0 
   0    0    0    0    0    0    0    0    0    0 
   0    0    0    0    0    0    0    0    0    0 
   0    0    0    0    0    0    0    0    0    0 
   0    0    0    0    0    0    0    0    0    0 
   0    0    0    0    0    0    0    0    0    0 
   0    0    0    1    0    0    0    0    0    0 
   0    0    0    0    0    0    0    0    0    0 
   0    0    0    0    0    0    0    0    0    0 
   0    0    0    0    0    0    0    0    0    0 
   0    0    0    0    0    0    0    0    0    0 
   0    0    0    0    0    0    0    0    0    0 
   0    0    0    0    0    0    0    0    0    0 
   0    0    0    0    0    0    0    0    0    0 
   0    0    0    0    0    0    0    0    0    0 
   0    0    0    0    0    0    0    1    0    0 
   0    0    0    0    0    0    0    0    0    0 
   0    0    0    0    0    0    0    0    0    0 
   0    0    0    0    0    0    0    0    0    0 
   0    0    0    0    0    0    0    0    0    0 
   0    0    0    0    0    0    0    0    0    0 
   0    0    0    0    0    0    0    0    0    0 
   0    0    0    0    0    0    0    0    0    0 
   0    0    0    0    0    0    0    0    1    0 
   0    0    0    0    0    0    0    0    0    0 
   0    0    0    0    0    0    0    0    0    0 
   0    0    0    0    0    0    0    0    0    0 
   0    0    0    0    0    0    0    0    0    0 
   0    0    0    0    0    0    0    0    0    0 
   0    0    0    0    0    0    0    1    0    0 
   0    0    0    0    0    0    0    0    0    0 
   0    0    0    0    0    0    0    0    0    0 
   1    0    0    0    1    0    0    0    0    0 
   0    0    0    0    0    0    0    0    0    0 
   0    0    0    0    0    0    0    0    0    0 
   0    0    0    0    0    0    0    0    0    0 
   0    0    0    0    1    0    0    0    0    0 
   0    0    0    0    0    0    0    0    0    0 
   0    0    0    0    0    0    0    0    0    0 
   0    0    0    0    0    0    0    0    0    0 
   0    0    0    0    0    0    0    0    0    0 
   0    0    0    0    0    0    0    0    0    0 
   0    0    0    0    0    0    0    0    0    0 
   0    0    0    0    0    0    0    0    0    0 
   0    0    0    0    0    0    0    0    0    0 
   0    0    0    0    0    0    0    0    0    0 
   0    0    0    0    0    0    0    0    0    0 
   0    0    0    0    0    0    0    0    0    0 
   0    0    0    0    0    0    0    0    0    0 
   0    0    0    0    0    0    0    0    0    0 
   0    0    0    0    0    0    0    0    0    0 
   0    0    0    0    0    0    0    0    0    0 
   0    0    0    0    0    0    0    0    0    0 
   0    0    0    0    0    0    0    0    0    0 
   0    0    0    0    0    0    0    0    0    0 
   0    0    0    0    0    0    0    0    0    0 
   0    0    0    0    0    0    0    0    0    0 
   0    0    0    0    0    0    0    0    0    0 
   0    0    0    0    0    0    0    0    0    0 
   0    0    0    0    0    0    0    0    1    0 
   0    0    0    0    0    0    0    0    0    0 
   0    0    0    0    0    0    0    0    0    0 
   0    0    0    0    0    0    0    0    0    0 
   0    0    1    0    0    0    0    0    0    0 
   0    0    0    0    0    0    0    0    0    0 
   0    0    0    0    0    0    0    0    0    0 
   0    0    0    0    0    0    0    0    0    0 
   0    0    0    0    0    0    0    0    0    0 
   0    0    0    0    0    0    0    0    0    0 
   0    0    0    0    0    0    0    0    0    0 
   0    0    0    0    0    0    0    0    0    0 
   0    0    0    0    0    0    0    0    0    0 
   0    0    1    0    1    0    0    0    0    0 
   0    0    0    0    0    0    0    0    0    0 
   0    0    0    0    0    0    0    0    0    0 
   0    0    0    0    0    0    0    0    0    0 
   0    0    0    0    0    0    0    0    0    0 
   0    0    0    0    0    0    0    0    0    0 
   0    0    0    0    0    0    0    0    0    0 
   0    0    0    0    0    0    0    0    0    0 
   0    0    0    0    0    0    0    0    0    0 
   0    0    0    0    0    0    0    0    0    0 
   0    0    0    0    0    0    0    0    0    0 
   0    1    0    0    0    0    0    0    0    0 
   0    0    0    0    0    0    0    0    0    0 
   0    0    0    0    0    0    0    0    0    0 
   0    0    0    0    0    0    0    0    0    0 
   0    0    0    0    0    0    0    0    0    0 
   0    0    0    0    0    0    0    0    0    0 
   0    0    0    0    0    0    0    0    0    0 
   0    0    0    0    0    0    0    0    0    0 
   0    0    0    0    0    0    0    0    0    0 
   0    0    0    0    0    0    0    0    0    0 
   0    0    0    0    0    0    0    0    0    0 
   0    0    0    0    0    0    0    0    0    0 
   0    0    0    0    0    0    0    0    0    0 
   0    0    0    0    0    0    0    0    0    0 
   0    0    0    0    0    0    0    0    0    0 
   0    0    0    0    0    0    0    0    0    0 
   0    0    0    0    0    0    0    0    0    0 
   0    0    0    0    0    0    0    0    0    0 
   0    1    0    0    0    0    0    0    0    0 
   0    0    0    0    0    0    0    0    0    0 
   0    0    0    0    0    0    0    0    0    0 
   0    0    0    0    0    0    0    0    0    0 
   0    0    0    0    0    0    0    0    0    0 
   0    0    0    0    0    0    0    0    0    0 
   0    0    0    0    0    0    0    0    0    0 
   0    0    0    0    0    0    0    0    0    0 
   0    0    0    0    0    0    0    0    0    0 
   0    0    0    0    1    0    0    0    0    0 
   0    0    0    0    0    0    0    0    0    0 
   0    0    0    0    0    0    0    0    0    0 
   0    0    0    0    0    0    0    0    1    0 
   0    0    0    0    0    0    0    0    0    0 
   0    0    0    0    0    0    0    0    0    0 
   0    0    0    0    0    0    0    0    0    0 
   0    0    0    0    0    0    0    0    0    0 
   0    0    0    0    0    0    0    0    0    0 
   0    0    0    0    0    0    0    0    0    0 
   0    0    0    0    0    0    0    0    0    0 
   0    0    0    0    0    0    0    0    0    0 
   0    0    0    0    0    0    0    0    0    0 
   0    0    0    0    0    0    0    0    0    0 
   0    0    0    0    0    0    0    0    0    0 
   0    0    0    0    0    0    0    0    0    0 
   0    0    0    0    0    0    0    0    0    0 
   0    0    0    0    0    0    0    0    0    0 
   0    0    0    0    0    0    0    0    0    0 
   0    0    0    0    0    0    0    0    0    0 
   0    0    0    0    0    0    0    0    0    0 
   0    0    0    0    0    0    0    0    0    0 
   0    0    0    0    0    0    0    0    0    0 
   0    0    0    0    0    0    0    0    0    0 
   0    0    0    0    0    0    0    0    0    0 
   0    0    0    0    0    0    0    0    0    0 
   0    0    0    0    0    0    0    0    0    0 
   0    0    0    0    0    0    0    0    0    0 
   0    0    0    0    0    0    0    0    0    0 
   0    0    0    0    0    0    0    0    0    0 
   0    0    0    0    0    0    0    0    0    0 
   0    0    0    0    0    0    0    0    0    0 
   0    0    0    0    0    0    0    0    0    0 
   0    0    0    0    0    0    0    0    0    0 
   0    0    0    0    0    0    0    0    0    0 
   0    0    0    0    0    0    0    0    0    0 
   0    0    0    0    0    0    0    0    0    0 
   0    0    0    0    0    0    0    0    0    0 
   0    0    0    0    0    0    0    0    0    0 
   0    0    0    0    0    0    0    0    0    0 
   0    0    0    0    0    0    0    0    0    0 
   0    0    0    0    0    0    0    0    0    0 
   0    0    0    0    0    0    0    0    0    0 
   0    0    0    0    0    0    0    0    0    0 
   0    0    0    0    0    0    0    0    0    0 
   0    0    0    0    0    0    0    0    0    0 
   0    0    0    0    0    0    0    0    0    0 
   0    0    0    0    0    0    0    0    0    0 
   0    0    0    0    0    0    0    0    0    0 
   0    0    0    0    0    0    0    0    0    0 
   0    0    0    0    0    0    0    0    0    1 
   0    0    0    0    0    0    0    0    0    0 
   0    0    0    0    0    0    0    0    0    0 
   0    0    0    0    0    0    0    0    0    0 
   0    0    0    0    0    0    0    0    0    0 
   0    0    0    0    0    0    0    0    0    0 
   0    0    0    0    0    0    0    0    0    0 
   0    0    0    0    0    0    0    0    0    0 
   0    0    0    0    0    0    0    0    0    0 
   0    0    0    0    0    0    0    0    0    0 
   0    0    0    0    0    0    0    0    0    0 
   0    0    0    0    0    0    0    0    0    0 
   0    0    0    0    0    0    0    0    0    0 
   0    0    0    0    0    0    0    0    0    0 
   0    0    0    0    0    0    0    0    0    0 
   0    0    0    0    0    0    0    0    0    0 
   0    0    0    0    0    0    0    0    0    0 
   0    0    0    0    0    0    0    0    0    0 
   0    0    0    0    0    0    0    0    0    0 
   0    0    0    0    0    0    0    0    0    0 
   0    0    0    0    0    0    0    0    0    0 
   0    0    0    0    0    0    0    0    0    0 
   0    0    0    0    0    0    0    0    0    0 
   0    0    0    0    0    0    0    0    0    0 
   0    0    0    0    0    0    0    0    0    0 
   0    0    0    0    0    0    0    1    0    0 
   0    0    0    0    0    0    0    0    0    0 
   0    0    0    0    0    0    0    0    0    0 
   0    0    0    0    0    0    0    0    0    0 
   0    0    0    0    0    0    0    0    0    0 
   0    0    0    0    0    0    0    0    0    0 

 186  353  280  257  213  168  160  141  118  120 
 115  105  123   91   89   99   88   70   70   60 
  88   63   53   53   42   49   54   45   41   55 
  23   50   42   52   41   34   30   32   31   46 
  29   34   28   19   25   28   23   24   24   15 
  26   27   24   23   21   19   27   20   24   22 
  19   15   15   20   20   14   23   14   13   20 
  13   17   16   10   15    9   19   14   13    6 
  15   11   17   17   16   11    7   15   14    6 
  11   10    4    9    9    9    7   17   10    9 
  11   10   14    7   10   14    8   12    9    2 
   7   11    9    7    5    8    8    6    6   10 
  12    4    8    8    7    5    6    8    6    5 
  10    8    2    4    4    3    4    7    5    7 
   7    5    5    4    3    2    6    8    7    5 
   7    4    5    5    7    3    3    4    2    5 
  11    2    7    4    4    3    1    1    3    3 
   1    2    4    2    2    5    5    3    2    3 
   3    3    2    3    2    1    2    1    4    5 
   1    2    3    2    4    3    6    2    1    2 
   2    8    4    2    3    2    0    5    0    3 
   2    3    3    4    3    4    2    1    3    2 
   2    4    5    2    2    1    1    1    1    1 
   2    1    3    1    4    3    2    1    4    2 
   3    1    1    0    2    2    2    2    3    0 
   2    3    2    0    1    3    4    1    4    5 
   4    0    1    1    5    1    1    3    2    2 
   1    2    1    2    2    0    0    2    0    1 
   2    4    0    3    0    0    1    0    0    1 
   2    0    1    1    2    1    1    0    3    1 
   1    1    1    0    1    0    2    2    1    0 
   0    1    3    0    0    0    0    3    1    1 
   0    1    2    2    2    1    1    0    1    3 
   3    0    2    2    2    1    1    2    2    0 
   0    1    0    1    1    2    3    2    0    0 
   1    2    2    0    0    0    2    0    0    0 
   0    0    1    0    0    4    0    2    2    3 
   0    1    0    0    1    1    1    2    1    0 
   0    0    2    0    0    1    1    0    0    0 
   0    0    0    0    1    0    0    0    2    0 
   5    0    0    1    1    0    1    1    0    2 
   0    0    2    0    0    0    2    0    2    1 
   2    0    0    1    1    0    1    2    0    0 
   0    1    0    1    0    2    0    1    1    0 
   1    0    0    0    0    1    1    0    0    0 
   0    0    0    1    0    2    0    0    0    0 
   0    0    0    1    1    0    0    0    0    1 
   1    0    0    2    0    0    0    0    1    0 
   1    0    0    0    0    0    0    1    0    0 
   1    0    0    1    0    1    0    0    0    1 
   2    0    2    1    0    2    0    0    1    1 
   1    0    0    1    0    1    1    0    0    0 
   0    1    1    1    0    0    0    1    0    0 
   0    0    0    0    0    0    0    0    0    0 
   0    0    0    0    1    0    0    0    0    0 
   0    0    1    1    0    2    0    0    1    0 
   0    1    2    0    0    0    1    1    0    0 
   0    0    0    0    0    0    2    0    0    0 
   1    0    0    0    0    0    0    0    1    0 
   0    0    0    0    1    0    1    0    0    0 
   0    1    0    0    0    0    0    1    1    0 
   0    0    0    1    0    0    0    1    0    0 
   1    0    0    0    0    0    0    0    0    0 
   0    0    0    0    0    0    0    0    0    1 
   0    0    1    0    0    1    0    1    0    1 
   1    0    0    0    0    0    0    0    0    1 
   0    0    0    0    0    0    1    0    0    0 
   0    0    0    0    0    0    0    0    0    0 
   0    0    0    0    0    0    1    2    0    0 
   0    1    0    1    0    1    0    0    1    0 
   1    0    0    0    0    0    0    0    0    0 
   0    0    0    0    0    0    0    0    0    0 
   0    0    0    0    0    0    1    0    0    0 
   0    0    0    0    0    0    0    0    0    0 
   0    0    0    0    0    0    0    0    0    0 
   0    0    0    0    0    0    0    0    0    0 
   1    0    0    0    0    0    0    0    0    1 
   0    1    1    0    0    0    1    0    0    0 
   0    0    0    1    0    0    1    0    0    0 
   0    0    0    0    0    0    0    0    1    0 
   0    0    0    1    1    1    0    0    0    0 
   0    0    0    0    0    1    0    1    0    0 
   0    0    0    0    0    0    1    1    0    0 
   0    0    0    0    0    0    0    0    0    0 
   0    0    0    0    0    0    0    0    0    0 
   0    0    0    0    0    0    0    0    0    1 
   0    1    0    0    0    0    0    0    0    0 
   0    0    0    0    0    0    0    0    1    0 
   0    0    1    1    0    0    0    0    0    0 
   0    1    0    0    0    0    0    0    0    1 
   0    0    0    0    0    0    0    1    0    0 
   0    0    1    0    0    0    0    0    0    0 
   0    0    0    0    0    0    0    0    0    0 
   1    1    0    0    1    0    0    0    0    0 
   1    1    0    0    0    0    0    0    0    0 
   0    0    0    0    0    0    1    0    0    0 
   0    0    0    0    0    0    0    0    0    0 
   0    0    0    1    0    0    0    0    0    0 
   0    0    0    0    0    0    0    0    0    0 
   0    0    0    0    0    0    0    0    0    0 
   0    0    0    0    0    0    0    0    1    0 
   0    0    0    0    0    0    0    0    0    0 
   0    0    0    0    0    0    0    0    0    0 
   0    0    0    0    0    1    0    0    0    0 
   0    0    0    0    0    0    0    0    0    0 
   0    0    0    0    0    0    0    0    0    0 
   1    0    0    0    0    0    0    0    0    0 
   0    0    0    0    0    0    0    0    0    0 
   0    0    1    0    0    0    0    0    0    1 
   0    0    0    0    0    0    1    0    0    0 
   0    0    0    0    1    0    0    0    0    0 
   0    0    0    0    0    0    0    0    0    0 
   0    0    0    0    0    0    0    0    0    0 
   0    0    0    0    0    0    0    0    0    0 
   0    0    1    0    0    0    0    1    0    0 
   0    0    0    0    0    0    0    0    1    0 
   0    0    0    0    0    0    0    0    0    0 
   0    0    0    0    0    0    0    0    1    0 
   0    0    0    0    1    0    0    0    0    0 
   0    0    0    0    0    0    0    0    0    0 
   0    0    0    0    0    1    0    0    0    0 
   0    0    0    1    0    0    0    0    0    0 
   0    0    0    1    0    0    0    0    0    0 
   0    0    0    0    0    0    0    0    0    0 
   0    0    0    0    0    0    0    0    0    0 
   0    0    0    0    0    0    0    0    0    0 
   1    1    0    0    0    0    0    1    0    1 
   0    0    0    0    1    0    0    0    0    0 
   0    0    0    0    0    0    0    0    0    0 
   0    0    0    0    0    0    0    0    0    0 
   0    0    0    0    0    0    0    0    0    0 
   0    0    0    0    0    0    0    0    0    0 
   0    0    0    0    0    0    0    0    0    0 
   0    0    0    0    0    0    0    0    0    0 
   0    0    0    0    0    0    0    0    0    0 
   0    0    0    0    0    0    0    0    0    0 
   0    0    0    0    0    0    0    0    0    0 
   0    0    0    0    0    0    0    0    0    0 
   0    0    0    0    0    0    0    0    0    0 
   0    0    0    0    0    0    0    0    0    0 
   1    0    0    0    0    0    0    0    0    0 
   0    0    0    0    0    0    0    0    0    0 
   0    0    0    0    0    0    0    0    0    0 
   0    0    0    0    0    0    0    0    0    0 
   0    0    0    0    0    0    0    0    0    0 
   0    0    0    0    0    0    0    0    0    0 
   0    0    0    0    0    0    0    0    0    0 
   0    0    0    0    0    0    0    0    0    0 
   0    0    0    0    0    0    0    1    0    0 
   0    0    0    0    0    0    0    0    0    0 
   0    0    0    0    0    0    0    0    0    0 
   0    0    0    0    0    0    0    0    0    0 
   0    0    0    0    0    0    0    0    0    0 
   0    0    0    0    0    0    0    0    0    0 
   0    0    0    0    0    0    0    0    0    0 
   0    0    0    0    1    0    0    0    0    0 
   0    0    0    0    0    0    0    0    0    0 
   0    0    0    0    0    0    0    0    0    0 
   0    0    0    0    0    0    0    0    0    0 
   0    0    0    0    0    0    0    1    0    0 
   0    0    0    0    0    0    0    0    0    0 
   0    0    0    0    0    0    0    0    0    0 
   0    0    0    0    0    0    0    0    0    0 
   0    0    0    0    0    0    0    0    0    0 
   0    1    0    0    0    0    0    0    0    0 
   0    0    0    0    0    0    1    0    0    0 
   0    0    0    0    0    0    0    0    0    0 
   0    0    0    0    0    0    0    0    0    0 
   0    0    0    0    0    0    0    0    0    0 
   0    0    0    0    0    0    0    0    1    0 
   0    0    0    0    0    0    0    0    0    0 
   0    0    0    0    0    0    0    0    0    0 
   0    0    0    0    0    0    0    0    0    0 
   0    0    0    0    0    0    0    0    0    0 
   0    0    0    0    0    0    0    0    0    0 
   0    0    0    0    0    0    0    0    0    0 
   0    0    0    0    0    0    0    0    0    0 
   0    0    0    0    0    0    0    0    0    0 
   0    0    0    0    0    0    0    0    0    0 
   0    0    0    0    0    0    0    0    0    0 
   0    0    0    0    0    0    0    0    0    0 
   0    0    0    0    0    0    0    0    0    0 
   0    0    0    0    0    0    0    0    0    0 
   0    0    0    0    0    0    1    0    0    0 
   0    0    0    0    0    0    0    0    0    0 
   0    0    0    0    0    0    0    0    0    0 
   0    0    0    0    0    0    0    0    1    0 
   0    0    0    0    0    0    0    0    0    0 
   0    0    0    0    0    1    0    1    0    0 
   0    0    0    0    0    0    0    0    0    0 
   0    0    0    0    0    0    0    0    0    0 
   0    0    0    0    0    0    0    0    0    0 
   0    0    0    0    0    0    0    0    0    0 
   0    0    0    0    0    0    0    0    0    0 
   0    0    0    0    0    0    0    0    0    0 
   0    0    0    0    0    0    0    0    0    0 
   0    0    0    0    1    0    0    0    0    0 
   0    0    0    0    0    0    0    0    0    0 
   0    0    0    0    0    0    0    0    0    0 
   0    0    0    0    0    0    0    0    0    0 
   0    0    0    1    0    0    0    0    0    0 
   0    0    0    0    0    0    0    0    0    0 
   0    0    0    0    0    0    0    0    0    0 
   0    0    0    0    0    0    0    0    0    0 
   0    0    0    0    0    0    0    0    0    0 
   0    0    0    0    0    0    0    0    0    0 
   0    0    0    0    0    0    0    0    0    0 
   0    0    0    0    0    0    0    0    0    0 
   0    0    0    0    0    0    0    0    0    0 
   0    0    0    0    0    0    0    0    0    0 
   0    0    0    0    0    0    0    0    0    0 
   0    0    0    0    0    0    0    0    0    0 
   1    0    0    0    0    1    0    0    0    0 
   0    0    0    0    0    0    0    0    0    0 
   0    0    0    0    0    0    0    0    0    0 
   0    0    0    0    0    0    0    0    0    0 
   0    0    0    0    0    0    0    0    0    0 
   0    0    0    0    0    0    0    0    0    0 
   0    0    0    0    0    0    0    0    0    0 
   0    0    0    0    0    0    0    0    0    0 
   0    0    0    0    0    0    0    0    0    0 
   0    0    0    0    0    0    0    0    0    0 
   0    0    0    0    0    0    0    0    0    0 
   0    0    0    0    0    0    0    0    0    0 
   0    0    0    0    0    0    0    0    0    0 
   1    0    0    0    0    0    0    0    0    0 
   0    0    0    0    0    0    0    0    0    0 
   0    0    0    0    0    0    0    0    0    0 
   0    0    0    0    0    0    0    0    0    0 
   0    0    0    0    0    0    0    0    0    0 
   0    0    0    0    0    0    0    0    0    0 
   1    0    0    0    0    0    0    0    0    0 
   0    0    0    0    0    0    0    0    0    0 
   0    0    0    0    0    0    0    0    0    0 
   0    0    0    0    0    0    0    0    0    0 
   0    0    0    0    0    0    0    0    0    0 
   0    0    0    0    0    0    0    0    0    0 
   0    0    0    0    0    0    0    0    0    0 
   0    0    0    0    0    0    0    0    0    0 
   0    0    0    0    0    0    0    0    0    0 
   0    0    0    0    0    0    0    0    0    0 
   0    0    0    0    0    0    0    0    0    0 
   0    0    0    0    0    0    0    0    0    0 
   0    0    0    0    0    0    0    0    0    0 
   0    0    0    0    0    0    0    0    0    0 
   0    0    0    0    0    0    0    0    0    0 
   0    0    0    0    0    0    0    0    0    0 
   0    0    0    0    0    0    0    0    0    0 
   0    0    0    0    0    0    0    0    0    0 
   0    0    0    0    0    0    0    0    0    0 
   0    0    0    0    0    0    0    0    0    0 
   0    0    0    0    0    0    0    0    0    0 
   0    0    0    0    0    0    0    0    0    0 
   0    0    0    0    0    0    0    0    0    0 
   0    0    0    0    0    0    0    0    0    0 
   0    0    0    0    0    0    0    0    0    0 
   0    0    0    0    0    0    0    0    0    0 
   0    0    0    0    0    0    0    0    0    0 
   0    0    0    0    0    0    0    0    0    0 
   0    0    0    0    0    0    0    0    0    0 
   0    0    0    0    0    0    0    0    0    0 
   0    0    0    0    0    0    0    0    0    0 
   0    0    0    0    0    0    0    0    0    0 
   0    0    0    0    0    0    0    0    0    0 
   0    0    0    0    0    0    0    0    0    0 
   0    0    0    0    0    0    0    0    0    0 
   0    0    0    0    0    0    0    0    0    0 
   0    0    0    0    0    0    0    0    0    0 
   0    0    0    0    0    0    0    0    0    0 
   0    0    0    0    0    0    0    0    0    0 
   0    0    0    0    0    0    0    0    0    0 
   0    0    0    0    0    0    0    0    0    0 
   0    0    0    0    0    0    0    0    0    0 
   0    0    0    0    0    0    0    0    0    0 
   0    0    0    0    0    0    0    0    0    0 
   0    0    0    0    0    0    0    0    0    0 
   0    0    0    0    0    0    0    0    0    0 
   0    0    0    0    0    0    0    0    0    0 
   0    0    0    0    0    0    0    0    0    0 
   0    0    0    0    0    0    0    0    0    0 
   0    0    0    0    0    0    0    0    0    0 
   0    0    0    0    0    0    0    0    0    0 
   0    0    0    0    0    0    0    0    0    0 
   0    0    0    0    0    0    0    0    0    0 
   0    0    0    0    0    0    0    0    0    0 
   0    0    0    0    0    0    0    0    0    0 
   0    0    0    0    0    0    0    0    0    0 
   0    0    0    0    0    0    0    0    0    0 
   0    0    0    0    0    0    0    0    0    0 
   0    0    0    0    0    0    0    0    0    0 
   0    0    0    0    0    0    0    0    0    0 
   0    0    0    0    0    0    0    0    0    0 
   0    0    0    0    0    0    0    0    0    0 
   0    0    0    0    0    0    0    0    0    0 
   0    0    0    0    0    0    0    0    0    0 
   0    0    0    0    0    0    0    0    0    0 
   0    0    0    0    0    0    0    0    0    0 
   0    0    0    0    0    0    0    0    0    0 
   0    0    0    0    0    0    0    0    0    0 
   0    0    0    0    0    0    0    0    0    0 

 266  414  283  248  206  151  158  121  112  128 
 111  129  113   62   80   92   90   69   72   65 
  74   64   68   59   56   57   56   43   51   45 
  54   41   46   51   49   41   31   37   37   28 
  29   29   20   28   29   25   28   27   24   24 
  26   18   26   25   26   23   17   18   19   18 
  13   13   19   15   10   17   18   15   17   15 
  14   11    9   11   14   15   14    9   12   14 
  12    8   15   15   14   16    9   13   12    7 
  12   12   13   11    8   11    7    9   13   11 
  14   16   11   13   13    9   12    8   15   11 
   6    8    7    9    5    2    8    7    5    5 
   5    6    5   10    5    6    2    5    5    4 
   4    6    3    7    3    7    2    4    5    4 
   7    7    6    6    5    4    3    7    4    3 
   6    5    8    1    4    2    4    7    4    4 
   4    6    3    5    3    5    4    2    5    6 
   4    1    3    4    1    4    3    2    2    5 
   1    4    0    2    3    4    5    1    3    1 
   2    1    0    5    1    3    3    2    3    3 
   4    3    4    3    4    6    6    5    3    1 
   5    3    3    3    2    2    1    4    2    2 
   3    2    2    3    1    2    4    1    0    4 
   2    3    1    4    2    2    2    2    2    3 
   2    5    1    2    5    2    3    3    4    3 
   1    2    3    2    0    2    3    2    0    4 
   1    1    4    3    2    2    2    2    1    3 
   4    2    2    0    2    4    1    2    2    1 
   0    2    2    3    1    7    3    1    1    2 
   1    1    4    3    1    1    0    1    1    1 
   0    0    2    2    0    0    3    2    0    2 
   3    0    2    1    4    2    0    2    3    1 
   1    1    1    1    3    2    0    3    2    1 
   2    1    0    3    0    1    0    0    1    2 
   2    3    0    2    2    1    0    1    1    1 
   1    0    0    0    1    0    0    0    1    1 
   0    1    1    2    0    0    0    1    1    1 
   1    0    1    3    0    1    0    3    0    1 
   1    0    2    2    1    1    0    0    3    1 
   1    0    3    0    1    1    3    2    0    1 
   1    0    0    0    2    0    0    1    0    0 
   1    1    1    0    0    1    3    0    1    0 
   2    0    1    0    1    0    0    0    0    2 
   0    0    0    1    2    0    1    1    2    0 
   1    0    1    1    1    0    1    1    0    0 
   1    0    2    1    1    1    0    1    0    0 
   0    1    0    1    0    0    2    0    0    2 
   0    1    1    0    0    2    0    1    0    1 
   0    1    0    1    0    1    0    3    0    0 
   0    1    0    1    0    0    1    0    1    1 
   1    0    0    0    0    0    1    1    1    1 
   0    0    0    0    0    0    1    0    0    0 
   1    0    0    1    1    1    0    1    1    2 
   0    1    0    0    0    0    0    0    0    0 
   0    1    0    1    0    1    0    0    1    0 
   1    0    1    1    1    1    0    0    0    0 
   1    1    0    2    0    0    1    0    1    0 
   0    0    1    0    0    0    0    1    1    1 
   0    0    0    1    0    0    0    0    0    1 
   0    0    0    0    0    1    0    0    2    0 
   0    1    0    0    0    0    0    0    0    0 
   0    0    0    1    0    0    0    0    1    1 
   0    0    0    0    1    0    0    0    0    0 
   0    0    1    0    0    0    0    0    0    0 
   0    0    0    1    0    0    2    1    0    0 
   0    2    0    1    0    0    0    0    1    0 
   0    0    1    0    2    0    0    0    0    0 
   0    0    1    0    0    0    1    0    1    0 
   1    0    1    0    0    0    1    1    0    0 
   1    0    0    0    0    0    0    0    0    0 
   1    0    0    0    0    0    0    0    0    0 
   0    0    0    0    2    0    0    1    0    0 
   0    0    0    0    0    0    0    0    0    1 
   0    1    0    0    0    0    1    0    0    0 
   0    0    0    0    0    1    0    0    1    0 
   0    0    0    0    0    1    0    0    0    0 
   0    0    0    0    0    0    0    0    0    0 
   0    0    0    0    1    0    0    0    0    0 
   1    0    0    0    0    0    0    0    0    0 
   1    0    0    0    1    0    0    0    0    0 
   0    0    0    1    0    0    0    0    0    1 
   0    0    0    0    0    0    0    0    0    0 
   0    0    0    0    0    0    0    0    1    0 
   0    0    0    0    0    1    0    1    0    0 
   0    0    0    0    0    0    0    0    0    0 
   1    0    0    0    0    0    0    0    0    0 
   0    0    0    0    0    0    0    0    0    0 
   0    0    0    0    0    0    0    0    1    0 
   0    0    0    0    0    0    0    0    0    0 
   0    0    1    0    0    0    0    0    0    0 
   0    0    0    1    0    0    0    0    0    1 
   0    0    0    0    1    0    0    0    0    1 
   0    0    0    0    0    0    0    1    0    0 
   0    1    0    0    0    0    0    0    0    0 
   1    0    1    0    0    0    0    0    0    0 
   0    0    0    0    1    0    0    0    0    1 
   0    0    0    0    0    1    0    0    0    0 
   0    1    0    0    0    0    0    0    0    1 
   0    1    0    0    0    0    0    0    0    0 
   0    0    0    0    0    0    0    0    0    0 
   0    0    0    0    0    0    0    0    0    0 
   0    0    0    0    0    0    0    1    0    0 
   0    1    0    0    1    0    0    0    0    0 
   0    1    0    0    0    0    0    0    0    0 
   0    1    0    0    0    1    0    0    0    0 
   0    0    0    0    0    0    0    0    0    0 
   0    0    0    0    1    0    1    2    0    1 
   0    0    0    0    0    0    0    0    0    0 
   1    0    0    0    0    0    0    0    1    0 
   0    0    0    0    0    0    0    0    0    1 
   0    0    0    0    0    0    0    1    0    0 
   0    0    0    0    1    0    0    0    0    0 
   0    0    0    0    0    0    0    0    0    0 
   1    0    0    0    0    0    0    0    0    1 
   1    0    0    0    0    0    1    1    1    0 
   0    0    0    0    0    0    0    1    0    0 
   1    0    0    0    0    0    0    0    0    0 
   1    0    0    0    0    0    0    1    0    0 
   0    0    0    0    0    0    0    0    0    0 
   0    0    0    0    0    0    0    0    0    1 
   0    0    0    0    0    0    0    0    0    1 
   0    0    0    0    0    0    0    0    0    0 
   0    0    0    0    0    0    0    0    0    0 
   0    0    0    0    0    0    0    0    0    0 
   0    0    0    0    0    0    0    0    0    0 
   0    0    0    0    0    0    0    0    0    0 
   0    1    0    0    0    0    0    0    1    0 
   0    0    0    0    0    0    0    0    0    0 
   0    0    0    0    0    0    0    0    0    0 
   0    0    0    0    1    0    0    0    0    0 
   0    0    0    0    0    0    0    0    0    0 
   0    0    0    0    0    0    0    0    1    0 
   0    0    0    0    0    0    0    0    0    0 
   0    0    0    0    0    0    0    0    0    0 
   0    0    0    0    1    0    0    0    0    0 
   0    0    1    0    1    0    0    0    0    1 
   0    0    0    0    0    0    0    0    0    0 
   0    0    1    0    0    1    0    0    0    0 
   0    0    0    0    0    0    0    0    0    0 
   0    0    0    0    0    1    0    0    0    0 
   0    0    1    0    0    0    0    0    0    0 
   0    0    0    0    0    0    0    0    0    0 
   0    0    0    0    0    0    0    0    0    0 
   0    0    0    0    0    0    1    0    0    0 
   0    0    0    0    0    0    0    0    0    0 
   0    0    0    0    1    0    0    0    0    0 
   0    0    0    0    0    0    0    0    0    0 
   0    0    0    1    0    0    0    0    0    1 
   0    0    0    0    0    0    0    0    0    0 
   0    0    0    0    0    1    0    0    0    0 
   0    0    0    0    0    1    0    0    0    0 
   0    0    0    0    0    0    0    0    0    0 
   0    0    0    0    0    0    0    0    0    0 
   0    0    1    0    0    0    0    0    0    0 
   0    0    0    0    0    0    0    0    0    0 
   0    3    0    0    0    0    0    0    0    0 
   0    0    0    0    0    0    0    0    0    0 
   0    0    0    1    0    0    0    0    0    0 
   0    0    0    0    0    0    0    0    0    0 
   0    0    0    0    0    0    0    0    0    0 
   1    0    0    0    0    0    0    0    0    0 
   0    0    0    0    0    0    0    0    0    0 
   0    0    0    0    0    0    0    0    0    0 
   0    0    0    0    0    0    0    0    0    0 
   0    0    0    0    0    0    0    0    0    0 
   0    0    0    0    0    0    0    0    0    0 
   0    0    0    0    0    0    0    0    0    0 
   0    0    0    0    0    0    0    0    0    0 
   0    0    0    0    0    0    0    0    0    0 
   0    0    0    0    0    1    0    0    0    0 
   0    0    0    0    0    0    0    0    0    0 
   1    0    0    0    0    0    0    0    0    0 
   0    0    0    0    0    0    0    0    0    0 
   0    0    0    0    0    0    0    0    0    0 
   0    0    0    0    0    0    0    0    0    0 
   0    0    0    0    0    0    0    0    0    0 
   0    0    0    0    0    0    0    0    0    0 
   0    0    0    0    0    0    0    0    0    0 
   0    0    0    0    0    0    0    0    0    0 
   0    0    0    0    0    0    0    0    0    0 
   0    0    0    0    0    0    0    0    0    0 
   0    0    0    1    0    0    0    0    0    0 
   0    0    0    0    0    0    0    0    0    0 
   0    0    0    0    0    0    0    0    0    0 
   0    0    0    0    0    0    0    0    0    0 
   0    0    0    0    0    0    0    0    0    0 
   0    0    0    0    0    0    0    0    0    0 
   0    0    0    0    0    0    0    1    0    0 
   0    0    0    0    0    0    0    0    0    0 
   0    0    0    0    0    0    0    0    0    0 
   0    0    0    0    0    0    0    0    0    0 
   0    0    0    0    0    0    0    0    0    0 
   0    0    0    0    0    0    0    0    0    0 
   0    0    0    0    0    0    0    0    0    0 
   0    0    0    0    0    0    0    0    0    0 
   0    0    0    0    0    0    0    0    0    0 
   0    0    0    0    0    0    0    0    0    0 
   0    0    0    0    0    0    0    0    0    0 
   0    0    0    0    0    0    0    0    0    0 
   0    0    0    0    0    0    0    0    0    0 
   0    0    0    0    0    0    0    0    0    0 
   0    0    0    0    0    0    0    0    0    0 
   0    0    0    0    0    0    0    0    0    0 
   0    0    0    0    0    0    0    0    0    0 
   0    0    0    0    0    0    0    0    0    0 
   0    0    0    0    0    0    0    0    0    0 
   0    0    0    0    0    0    0    0    0    0 
   0    0    0    0    0    0    0    0    0    1 
   0    0    0    0    0    0    0    0    1    0 
   0    0    0    0    0    0    0    1    0    0 
   0    0    0    0    0    0    0    0    1    0 
   0    0    0    0    0    0    0    0    0    0 
   0    0    0    0    0    0    0    0    0    0 
   0    0    0    0    0    0    0    0    0    0 
   0    0    0    1    0    0    0    0    0    0 
   0    0    0    0    0    0    0    0    0    0 
   0    0    0    0    0    0    0    0    0    0 
   0    0    0    0    0    0    0    0    0    0 
   0    0    0    0    0    0    0    0    0    0 
   0    0    0    0    0    0    0    0    0    0 
   0    0    0    0    0    0    0    0    0    0 
   0    0    0    0    0    0    0    0    0    0 
   0    0    0    0    0    0    0    0    0    0 
   0    0    0    0    0    0    0    0    0    0 
   0    0    0    0    0    0    0    0    0    0 
   0    0    0    0    0    0    0    0    0    0 
   0    0    0    0    0    0    0    0    0    0 
   0    0    0    0    0    0    0    0    0    0 
   0    0    0    0    0    0    0    0    0    0 
   0    0    0    0    0    0    0    0    0    0 
   0    0    0    0    0    0    0    0    0    0 
   0    0    0    0    0    0    0    0    0    0 
   0    0    0    0    0    0    0    0    0    0 
   0    0    0    0    0    0    0    0    0    0 
   0    0    0    0    0    0    0    0    0    0 
   0    0    0    0    0    0    0    0    0    0 
   0    0    0    0    0    0    0    0    0    0 
   0    0    0    0    0    0    0    0    0    0 
   0    0    0    0    0    0    0    0    0    0 
   0    0    0    0    0    0    0    0    0    0 
   0    0    1    0    1    0    0    0    0    0 
   0    0    0    0    0    0    0    0    0    0 
   0    0    0    0    0    0    0    0    0    0 
   0    0    0    0    0    0    0    0    0    0 
   0    0    0    0    0    0    0    0    0    0 
   0    0    0    0    0    0    0    0    0    0 
   0    0    1    0    0    0    0    0    0    0 
   0    0    0    0    0    0    0    0    0    0 
   0    1    0    0    0    0    0    0    0    0 
   0    0    0    0    0    0    0    0    0    0 
   0    0    0    0    0    0    0    0    0    0 
   0    0    0    0    0    0    0    0    0    0 
   0    0    0    0    0    0    0    0    0    0 
   0    0    0    0    0    0    0    0    0    0 
   0    0    0    0    0    0    0    0    0    0 
   0    0    0    0    0    0    0    0    0    0 
   0    0    0    0    0    0    0    0    0    0 
   0    0    0    0    0    0    0    0    0    0 
   0    0    0    0    0    0    0    1    0    0 
   0    0    0    0    0    0    0    0    0    0 
   0    0    0    0    0    0    0    0    0    0 
   0    0    0    0    0    0    0    0    0    0 
   0    0    0    0    0    0    1    0    0    0 
   0    0    0    0    0    0    0    0    0    0 
   0    0    0    0    0    0    0    0    0    0 
   0    0    0    0    0    0    0    0    0    0 
   0    0    0    0    0    0    0    0    0    0 
   0    0    0    0    0    0    0    0    0    0 
   0    0    0    0    0    0    0    0    0    0 
   0    0    0    0    0    0    0    0    0    0 
   0    0    0    0    0    0    0    0    0    0 
   0    0    0    0    0    0    0    0    0    0 
   0    0    0    0    0    0    0    0    0    0 
   0    0    0    0    0    0    0    0    0    0 
   0    0    0    0    0    0    0    0    0    0 
   0    0    0    0    0    0    0    0    0    0 
   0    0    0    0    0    0    0    0    0    0 
   0    0    0    0    1    0    0    0    0    0 
   0    0    0    0    0    0    0    0    0    0 
   0    0    0    0    0    0    0    0    0    0 
   0    0    0    0    0    0    0    0    0    0 
   0    0    0    0    0    0    0    0    0    0 
   0    0    0    0    0    0    0    0    0    1 
   0    0    0    0    0    0    0    0    0    0 
   0    0    0    0    0    0    0    0    0    0 
   0    0    0    0    0    0    0    0    0    0 
   0    0    0    0    0    0    0    0    0    0 
   0    0    0    0    0    0    0    0    0    0 
   0    0    0    0    0    0    0    0    0    0 
   0    0    0    0    0    0    0    0    0    0 
   0    0    0    0    0    0    0    0    0    0 
   0    0    0    0    0    0    0    0    0    0 
   0    0    0    0    0    0    0    0    1    0 
   0    0    0    0    0    0    0    0    1    0 
   0    0    0    0    0    0    0    0    0    0 
   0    0    0    0    0    0    0    0    0    0 
   0    0    0    0    0    0    0    0    0    0 
   0    0    0    0    0    0    0    0    0    0 
   0    0    0    0    0    0    0    0    0    0 
   0    0    0    0    0    0    0    0    0    0 

 751 1301 1260 1027  909  898  807  788  745  643 
 704  582  600  579  565  540  526  429  501  441 
 459  417  454  451  410  399  337  363  289  321 
 347  302  303  329  295  283  275  247  248  239 
 240  201  206  230  165  223  196  191  187  186 
 219  192  189  189  157  167  139  130  140  142 
 136  127  150  125  131  120  128  113  138  101 
 104  117  120  103  102  105  116  109   81  105 
 102   97   97   99   93   90   85   81   87   84 
  83   84   86   82   66   91   84   72   77   72 
  67   67   71   58   57   78   73   61   60   73 
  59   69   56   53   67   50   49   39   55   52 
  59   62   41   58   52   37   60   56   52   55 
  46   60   51   51   47   54   34   33   35   47 
  43   53   39   42   40   44   53   41   37   41 
  38   29   40   43   36   37   37   36   44   36 
  33   38   33   41   32   36   35   30   27   32 
  27   36   27   49   33   28   30   34   20   40 
  25   28   18   25   22   34   32   25   40   24 
  27   16   26   28   15   24   23   14   26   19 
  31   16   17   16   23   25   19   29   18   27 
  21   19   17   25   18   17   28   25   26   15 
  18   14   19   29   20   19   15   16   19   12 
  12   13   20   18   19   23   24   23   21   16 
  27   17   15   12   12   13   13   14   12   11 
  15   12   15   11   20   16   14   14   14   11 
  13   18   13   14   13    9   12    5   11    9 
  19   12   14   15   20   10   11    8   13   12 
  12   13   12   11   13   14   12    8   13   13 
   8    9   10   10   12   12    6   15    8   13 
   8   13    8    4    9   18    5   16    8    5 
  13   11    4    5    5    8    9   10    6    5 
  12    6    7    4   14    6    8    8    5   13 
  10   14   10    6    7    9    7    6    5   10 
   6    4   11    5   12    6    8    6    7    6 
   8    5    4    6    3    5   11    5    5    6 
   5    5    7   12    9    6    3    8   13    9 
   3    4    5    5    5    8    7    7    5    7 
   7    6    8   12   11    4   11    8    8    5 
  10    5    5    5    8   11   12    2    3    6 
   7    6    8    4    5    4    4    6    8    4 
   5    7    7    7    6    5    4    3    6    8 
   4    3    4    6    2    5    3    6    4    0 
   9    3    5    4    3    8    4    8    7    5 
   4    5    6    6    2    5    3    5    5    2 
   4    4    2    3    4    7    6    5    2    2 
   3    6    3    3    4    2    5    3    6    2 
   6    3    4    5    3    4    2    5    5    3 
   5    4    3    0    1    5    3    5    4    5 
   4    5    1    4    3    2    1    8    4    1 
   6    3    1    7    6    3    1    3    4    1 
   2    3    2    0    4    2    3    5    5    6 
   4    4    2    0    3    6    2    2    4    2 
   0    1    2    5    0    1    4    3    5    4 
   2    2    4    4    2    3    2    1    0    2 
   6    2    2    2    7    2    1    8    1    0 
   2    1    1    4    2    3    3    3    1    4 
   4    3    4    2    2    4    4    1    2    4 
   3    2    0    5    1    0    4    0    1    2 
   1    1    2    1    5    3    1    3    2    0 
   1    4    1    6    3    1    3    4    3    2 
   2    2    1    0    0    3    4    3    2    2 
   4    1    2    1    2    0    1    1    2    2 
   1    1    5    2    3    3    1    1    2    1 
   0    3    1    3    1    1    2    2    2    2 
   1    1    3    2    4    1    1    1    0    1 
   0    2    0    2    1    1    4    1    0    3 
   1    2    0    4    2    0    1    3    3    0 
   2    0    1    3    0    0    5    0    2    4 
   3    1    1    0    2    2    3    3    4    0 
   2    0    1    1    0    0    0    0    2    2 
   1    0    0    4    1    2    1    2    1    3 
   0    1    2    1    0    1    3    2    0    3 
   1    1    5    1    1    2    1    2    1    1 
   0    0    0    1    3    0    0    0    1    2 
   2    2    2    2    0    0    2    2    0    0 
   2    1    2    3    1    1    1    0    0    2 
   0    1    1    3    0    1    2    3    1    1 
   1    0    1    0    0    2    0    1    0    0 
   0    0    2    0    0    0    2    3    2    2 
   1    0    2    4    0    2    1    3    0    1 
   2    0    1    1    0    0    1    1    0    1 
   0    2    1    0    0    1    1    0    2    0 
   2    0    0    0    2    2    1    0    0    1 
   1    1    0    1    0    3    0    0    3    3 
   3    0    3    0    0    0    0    1    0    0 
   1    1    0    0    1    2    3    1    0    1 
   1    0    1    1    0    0    1    0    1    0 
   1    1    0    0    0    0    1    1    2    1 
   0    0    0    1    1    2    0    1    0    1 
   3    0    1    0    0    1    1    1    2    0 
   1    1    1    1    0    0    1    0    0    1 
   1    0    2    1    3    2    2    1    1    0 
   3    0    0    1    0    0    0    1    2    2 
   0    1    2    0    1    1    0    0    1    0 
   0    1    0    1    0    0    0    0    1    1 
   0    1    2    1    1    0    0    1    0    0 
   0    0    0    0    0    4    1    0    1    1 
   1    2    0    0    0    0    0    0    0    1 
   0    2    0    0    0    0    0    0    0    0 
   2    1    1    0    0    0    0    1    2    0 
   1    0    0    0    1    0    0    0    0    0 
   1    0    0    0    0    1    0    0    3    1 
   1    0    0    1    0    1    2    1    1    1 
   0    0    1    1    1    0    0    3    1    0 
   0    0    0    0    0    1    0    0    0    1 
   0    1    0    3    1    1    0    0    1    0 
   1    1    2    1    1    0    0    0    1    1 
   0    1    1    1    2    0    0    0    1    0 
   0    0    1    0    0    0    0    0    0    0 
   0    0    0    0    2    0    1    0    0    0 
   0    0    0    0    0    0    1    0    0    0 
   0    0    0    0    0    0    0    0    0    0 
   0    1    0    1    0    0    0    1    0    0 
   0    0    0    0    0    1    0    1    0    1 
   0    1    1    1    0    1    1    0    0    0 
   0    0    0    0    1    0    0    1    2    0 
   0    0    0    0    0    0    0    0    2    1 
   0    0    0    0    0    0    0    0    0    0 
   0    0    0    0    0    0    1    0    0    0 
   0    0    0    0    0    0    0    0    3    0 
   1    0    0    0    0    1    1    0    0    0 
   1    0    0    0    0    0    0    0    1    1 
   1    0    0    1    0    0    0    2    0    0 
   0    0    0    1    0    0    0    1    0    0 
   1    1    0    0    1    0    1    1    1    1 
   0    1    1    0    0    1    1    0    1    1 
   0    0    0    1    1    0    0    0    0    1 
   0    1    1    0    0    0    0    0    0    0 
   1    0    0    0    0    1    0    0    0    0 
   1    0    0    0    2    0    1    0    0    0 
   2    0    0    0    0    0    0    0    0    0 
   1    0    1    0    0    1    0    0    1    0 
   0    0    0    0    0    0    3    0    0    1 
   0    0    0    0    0    0    0    1    0    0 
   1    0    0    1    0    0    0    0    0    1 
   0    0    0    0    0    0    1    0    0    0 
   0    0    0    1    0    0    0    0    0    1 
   0    0    0    0    0    0    0    0    0    1 
   0    0    0    0    0    0    0    0    0    0 
   0    0    0    0    0    0    0    0    0    0 
   0    0    0    0    0    0    0    0    0    0 
   0    1    0    0    0    0    1    0    0    0 
   0    0    0    0    0    0    0    0    1    0 
   0    1    0    0    0    0    1    0    0    0 
   0    0    0    0    0    0    0    0    0    0 
   0    2    0    0    0    0    1    0    0    1 
   0    0    0    0    1    0    0    0    0    0 
   1    0    0    0    0    1    1    0    0    0 
   0    0    0    0    0    0    0    0    0    0 
   0    0    0    0    0    1    0    0    0    0 
   0    0    0    0    0    0    2    0    0    1 
   0    0    0    0    0    0    1    0    0    0 
   0    0    0    0    0    0    0    0    0    1 
   0    0    1    0    0    0    0    0    0    0 
   0    0    0    0    0    1    0    0    1    0 
   0    0    0    0    0    0    0    0    0    0 
   0    1    0    0    0    0    0    0    0    0 
   0    0    0    0    0    0    1    1    0    0 
   0    0    0    0    0    0    0    0    0    0 
   0    0    0    0    0    0    0    1    0    1 
   0    0    0    0    0    0    0    0    0    0 
   0    0    0    0    0    0    0    0    0    0 
   0    1    0    0    0    0    0    0    1    0 
   0    0    0    1    0    0    0    1    0    0 
   0    0    1    0    0    0    0    0    0    0 
   0    0    0    0    1    0    0    0    1    0 
   0    0    0    1    0    1    0    0    0    0 
   0    0    0    0    0    0    0    0    0    0 
   0    0    0    0    0    0    0    0    0    0 
   0    0    0    0    0    0    0    0    0    0 
   0    0    0    0    0    0    0    0    0    0 
   0    0    1    0    0    0    0    0    0    0 
   1    0    0    2    0    0    0    0    0    0 
   0    0    1    0    0    0    0    0    0    0 
   0    0    0    0    0    0    0    0    0    0 
   0    0    0    0    0    0    0    0    1    1 
   0    0    1    0    1    1    0    0    0    0 
   0    0    0    1    0    0    0    0    0    0 
   0    0    0    0    0    0    0    0    0    0 
   0    0    0    0    1    0    1    0    0    0 
   0    0    0    0    0    0    0    0    0    0 
   1    0    0    0    0    0    0    0    0    1 
   0    0    0    0    0    0    0    0    0    0 
   0    0    0    0    0    0    0    0    0    1 
   0    0    0    0    0    0    0    0    0    0 
   1    0    0    0    0    0    1    0    0    0 
   0    0    0    0    0    0    1    0    0    0 
   1    0    0    0    0    0    0    0    0    0 
   0    0    0    1    0    0    0    1    1    1 
   0    0    0    0    0    0    0    0    0    0 
   0    0    0    1    0    0    0    1    2    0 
   0    0    0    0    0    0    0    0    1    0 
   0    0    0    0    0    0    0    0    0    0 
   0    0    0    0    0    0    0    0    0    0 
   0    0    0    0    0    0    1    0    0    0 
   0    0    0    0    0    0    1    0    1    0 
   0    0    0    0    0    0    0    0    0    0 
   0    0    1    0    0    0    0    0    0    0 
   0    0    1    0    0    0    0    0    0    1 
   0    0    0    0    0    0    0    0    0    0 
   0    0    0    0    0    0    0    0    0    0 
   0    0    0    0    0    0    0    0    1    0 
   0    0    0    0    0    0    0    1    0    0 
   0    0    0    0    0    0    0    1    0    0 
   0    0    0    0    0    0    0    0    0    1 
   0    1    0    0    0    0    0    0    0    0 
   0    1    0    0    0    0    0    0    0    0 
   0    0    0    0    0    0    0    0    0    0 
   0    0    0    0    0    1    0    0    0    0 
   0    0    0    0    0    1    0    0    0    0 
   0    0    0    0    0    0    0    0    0    0 
   0    0    0    0    0    0    1    0    0    0 
   0    0    0    1    0    0    1    0    0    0 
   0    0    0    0    0    0    0    0    0    0 
   0    0    1    0    0    0    0    0    0    0 
   0    0    0    0    0    0    0    0    0    0 
   0    0    0    0    0    0    0    0    0    0 
   0    0    0    0    0    0    0    0    0    0 
   0    0    0    0    0    0    0    0    0    0 
   0    0    0    0    0    0    0    1    0    0 
   0    0    0    0    0    0    0    0    0    0 
   0    0    0    0    0    0    0    0    0    0 
   0    1    0    0    0    0    0    0    0    0 
   0    0    0    0    0    0    0    0    0    0 
   0    0    0    0    0    0    0    0    0    0 
   0    0    1    0    0    0    0    0    0    0 
   0    0    0    0    0    0    0    0    0    0 
   0    0    0    0    0    0    0    0    0    0 
   0    0    0    0    0    0    0    0    0    0 
   0    1    0    0    0    0    0    0    0    0 
   0    0    0    0    0    1    0    0    0    0 
   0    0    0    0    0    0    0    0    0    0 
   0    0    0    0    0    0    0    0    0    0 
   0    0    0    0    0    0    0    0    0    0 
   0    0    0    0    0    0    0    0    0    0 
   1    0    0    0    0    0    0    0    0    0 
   0    0    0    0    0    0    0    0    0    1 
   0    0    0    0    0    0    0    0    0    0 
   0    0    0    0    0    0    0    0    0    0 
   0    0    0    0    0    0    0    0    0    0 
   0    0    0    0    0    0    0    0    0    0 
   0    0    0    0    0    0    0    0    0    0 
   0    0    0    1    0    0    0    0    0    0 
   0    0    0    1    0    0    0    0    0    0 
   0    0    0    0    0    0    0    0    0    0 
   0    0    1    0    0    0    0    0    0    0 
   0    0    0    0    1    0    0    0    0    0 
   0    0    0    0    0    0    0    0    0    0 
   0    0    0    0    0    0    0    0    0    1 
   0    0    0    0    0    0    0    0    0    0 
   0    0    0    0    0    0    0    0    0    0 
   0    0    0    0    0    0    0    0    0    0 
   0    0    0    0    0    0    0    0    0    0 
   0    0    0    0    0    0    0    0    0    0 
   0    0    0    0    0    0    0    0    0    0 
   0    0    0    0    0    0    0    0    0    0 
   0    0    0    0    0    0    0    1    0    0 
   0    0    0    0    0    0    0    0    0    0 
   0    0    1    0    0    0    0    0    1    0 
   0    0    0    0    0    0    0    1    0    0 
   0    0    0    0    0    0    0    0    0    0 
   0    0    0    0    0    0    0    0    0    0 
   0    0    0    0    0    0    0    0    0    0 
   0    0    0    0    0    0    0    0    0    0 
   0    0    0    0    0    0    0    0    0    0 
   0    0    0    0    0    0    0    0    0    0 
   0    0    0    0    0    0    0    0    0    0 
   0    0    0    0    0    0    0    0    0    0 
   0    0    0    0    0    0    0    0    0    0 
   0    0    0    0    0    0    0    0    0    0 
   0    0    0    0    0    0    0    0    1    0 
   0    0    0    0    1    0    0    0    0    0 
   0    0    0    0    0    0    1    0    0    0 
   1    0    0    0    0    0    0    0    0    0 
   0    0    0    0    0    0    0    0    0    0 
   0    0    0    0    0    0    0    0    0    0 
   0    0    0    0    0    0    0    0    0    0 
   0    0    0    0    0    0    0    0    0    0 
   0    0    0    0    0    0    1    0    1    0 
   0    0    0    0    0    0    0    0    0    0 
   0    0    0    0    1    0    1    0    0    0 
   1    0    0    0    0    0    0    0    0    0 
   0    0    0    0    0    0    0    0    0    0 
   0    0    0    0    0    0    0    0    0    0 
   0    0    0    0    0    0    0    0    0    0 
   0    0    0    0    0    0    0    0    0    0 
   0    0    0    0    0    0    0    0    0    0 
   0    0    0    0    0    0    0    0    0    0 
   0    0    0    0    0    0    0    0    0    0 
   0    0    0    0    0    0    0    0    0    0 
   0    0    0    0    0    0    0    0    0    0 
   1    0    0    0    0    0    0    0    1    0 
   0    0    0    0    0    0    0    0    0    0 
   0    0    0    0    0    0    0    0    0    0 
   0    0    0    0    0    0    0    0    0    0 
   0    0    0    1    0    1    0    1    0    0 
   0    0    0    0    0    0    0    0    0    1 
   0    0    0    0    0    0    0    0    0    0 
   0    0    0    0    0    0    0    1    0    0 
Base= 6.81213e-001
